0 559
1 532
2 504
3 477
4 454
5 437
6 406
7 380
8 352
9 328
10 297
11 270
12 249
13 234
14 222
15 204
16 187
17 175
18 162
19 152
20 146
21 133
22 123
23 108
24 100
25 95
26 91
27 86
28 83
29 79
30 74
31 71
32 66
33 56
34 52
35 50
36 46
37 42
38 39
39 38
40 36
41 33
42 31
43 30
44 28
45 27
46 24
47 23
48 21
49 18
50 16
51 15
52 13
53 12
54 11
55 10
56 8
57 8
58 8
59 8
60 7
61 7
62 6
63 6
64 6
65 6
66 5
67 4
68 4
69 4
70 4
71 4
72 3
73 3
74 3
75 2
76 1
77 1
78 1
79 1
80 1
81 1
82 1
83 1
84 1
85 1
86 1
87 1
88 1
89 1
90 1
91 1
92 1
93 1
94 1
95 1
96 1
97 1
98 1
99 1
100 1
101 1
102 1
103 1
104 1
105 1
106 1
107 1
108 1
109 1
110 1
111 1
112 1
113 1
114 1
115 1
116 1
117 1
118 1
119 1
120 1
121 1
122 1
123 1
124 1
125 1
126 1
127 1
128 1
129 1
130 1
131 1
132 1
133 1
134 1
135 1
136 1
137 1
138 1
139 1
140 1
141 1
142 1
143 1
144 1
145 1
146 1
147 1
148 1
149 1
150 1
151 1
152 1
153 1
154 1
155 1
156 1
157 1
158 1
159 1
160 1
161 1
162 1
163 1
164 1
165 1
166 1
167 1
168 1
169 1
170 1
171 1
172 1
173 1
174 1
175 1
176 1
177 1
178 1
179 1
180 1
181 1
182 1
183 1
184 1
185 1
186 1
187 1
188 1
189 1
190 1
191 1
192 1
193 1
194 1
195 1
196 1
197 1
198 1
199 1
