0 0
1 0
2 0
3 0
4 0
5 0
6 0
7 0
8 0
9 1
10 1
11 3
12 4
13 4
14 4
15 5
16 5
17 5
18 6
19 6
20 7
21 7
22 7
23 7
24 7
25 7
26 7
27 9
28 9
29 10
30 10
31 12
32 12
33 14
34 16
35 19
36 22
37 24
38 25
39 25
40 27
41 32
42 34
43 35
44 38
45 45
46 48
47 54
48 59
49 63
50 73
51 73
52 77
53 83
54 88
55 96
56 109
57 116
58 123
59 128
60 133
61 140
62 145
63 150
64 157
65 159
66 167
67 169
68 175
69 182
70 188
71 192
72 195
73 206
74 217
75 225
76 236
77 244
78 255
79 266
80 270
81 277
82 280
83 295
84 309
85 321
86 334
87 349
88 361
89 369
90 381
91 393
92 399
93 414
94 425
95 435
96 446
97 460
98 471
99 483
100 491
101 523
102 539
103 554
104 572
105 577
106 590
107 601
108 616
109 644
110 655
111 675
112 707
113 720
114 740
115 762
116 791
117 804
118 816
119 843
120 878
121 902
122 916
123 934
124 948
125 968
126 995
127 1024
128 1044
129 1071
130 1081
131 1103
132 1132
133 1158
134 1179
135 1188
136 1216
137 1259
138 1281
139 1305
140 1322
141 1347
142 1368
143 1410
144 1433
145 1446
146 1479
147 1498
148 1530
149 1547
150 1570
151 1590
152 1620
153 1644
154 1669
155 1699
156 1728
157 1757
158 1790
159 1817
160 1832
161 1865
162 1888
163 1908
164 1940
165 1971
166 2013
167 2032
168 2064
169 2093
170 2125
171 2154
172 2190
173 2205
174 2228
175 2254
176 2279
177 2312
178 2341
179 2353
180 2379
181 2412
182 2444
183 2491
184 2523
185 2548
186 2585
187 2627
188 2656
189 2693
190 2720
191 2746
192 2777
193 2808
194 2846
195 2870
196 2908
197 2956
198 2993
199 3015
