0 0
1 0
2 0
3 0
4 0
5 0
6 0
7 0
8 0
9 0
10 0
11 0
12 0
13 0
14 0
15 0
16 0
17 0
18 0
19 0
20 0
21 0
22 0
23 0
24 0
25 0
26 0
27 0
28 0
29 0
30 0
31 0
32 0
33 0
34 0
35 0
36 0
37 0
38 0
39 0
40 0
41 0
42 0
43 0
44 0
45 0
46 0
47 0
48 0
49 0
50 0
51 0
52 0
53 0
54 0
55 0
56 1
57 1
58 1
59 1
60 1
61 1
62 1
63 1
64 1
65 1
66 1
67 1
68 1
69 2
70 2
71 2
72 2
73 2
74 2
75 2
76 2
77 2
78 3
79 3
80 3
81 3
82 3
83 5
84 6
85 9
86 9
87 11
88 11
89 11
90 11
91 14
92 14
93 16
94 16
95 16
96 16
97 19
98 20
99 20
100 20
101 21
102 22
103 26
104 28
105 28
106 28
107 28
108 35
109 39
110 39
111 39
112 43
113 43
114 48
115 51
116 65
117 65
118 65
119 84
120 89
121 91
122 93
123 93
124 95
125 107
126 114
127 120
128 122
129 127
130 127
131 130
132 134
133 138
134 150
135 150
136 153
137 163
138 168
139 173
140 181
141 187
142 187
143 202
144 205
145 207
146 223
147 231
148 233
149 253
150 264
151 274
152 290
153 324
154 326
155 346
156 382
157 394
158 411
159 414
160 425
161 433
162 437
163 439
164 444
165 454
166 478
167 494
168 505
169 536
170 561
171 567
172 574
173 575
174 584
175 591
176 617
177 630
178 634
179 634
180 635
181 669
182 680
183 695
184 716
185 735
186 789
187 817
188 842
189 884
190 888
191 893
192 912
193 954
194 1005
195 1014
196 1026
197 1068
198 1115
199 1130
