0 0
1 0
2 0
3 0
4 0
5 0
6 0
7 0
8 0
9 0
10 0
11 0
12 0
13 0
14 0
15 0
16 0
17 0
18 0
19 0
20 0
21 0
22 0
23 0
24 0
25 0
26 0
27 0
28 0
29 0
30 0
31 0
32 0
33 0
34 0
35 0
36 0
37 0
38 0
39 0
40 0
41 0
42 0
43 0
44 0
45 0
46 0
47 0
48 0
49 0
50 0
51 0
52 0
53 0
54 0
55 0
56 1
57 1
58 1
59 1
60 1
61 1
62 1
63 1
64 1
65 1
66 1
67 1
68 1
69 2
70 2
71 2
72 2
73 2
74 2
75 2
76 2
77 2
78 3
79 3
80 3
81 3
82 3
83 5
84 6
85 9
86 9
87 11
88 11
89 11
90 11
91 14
92 14
93 16
94 16
95 16
96 16
97 19
98 20
99 20
100 20
101 21
102 22
103 26
104 28
105 28
106 28
107 28
108 37
109 41
110 41
111 41
112 45
113 45
114 50
115 54
116 69
117 69
118 69
119 92
120 97
121 99
122 101
123 101
124 103
125 118
126 125
127 132
128 134
129 140
130 140
131 143
132 148
133 152
134 164
135 164
136 167
137 177
138 182
139 187
140 199
141 205
142 205
143 220
144 223
145 225
146 243
147 252
148 254
149 281
150 292
151 304
152 322
153 379
154 381
155 403
156 462
157 477
158 500
159 504
160 516
161 526
162 530
163 532
164 538
165 558
166 588
167 616
168 630
169 670
170 707
171 713
172 722
173 723
174 733
175 742
176 784
177 797
178 801
179 801
180 802
181 872
182 886
183 903
184 934
185 956
186 1025
187 1061
188 1096
189 1154
190 1158
191 1164
192 1191
193 1264
194 1331
195 1340
196 1353
197 1439
198 1525
199 1554
