0 0
1 0
2 0
3 0
4 0
5 0
6 0
7 0
8 0
9 1
10 1
11 3
12 4
13 4
14 4
15 5
16 5
17 5
18 6
19 6
20 7
21 7
22 7
23 7
24 7
25 7
26 7
27 9
28 9
29 10
30 10
31 12
32 12
33 14
34 16
35 19
36 22
37 24
38 25
39 25
40 27
41 32
42 34
43 35
44 38
45 45
46 48
47 54
48 59
49 63
50 73
51 73
52 77
53 83
54 88
55 96
56 110
57 117
58 124
59 129
60 134
61 141
62 146
63 151
64 158
65 160
66 168
67 170
68 176
69 184
70 190
71 194
72 197
73 208
74 219
75 227
76 238
77 246
78 258
79 269
80 273
81 280
82 283
83 300
84 315
85 330
86 343
87 360
88 372
89 380
90 392
91 407
92 413
93 430
94 441
95 451
96 462
97 479
98 491
99 503
100 511
101 544
102 562
103 581
104 601
105 606
106 619
107 630
108 652
109 684
110 695
111 715
112 752
113 765
114 791
115 816
116 862
117 876
118 888
119 932
120 974
121 1001
122 1017
123 1036
124 1052
125 1083
126 1117
127 1152
128 1175
129 1207
130 1217
131 1242
132 1275
133 1306
134 1342
135 1352
136 1385
137 1438
138 1465
139 1496
140 1522
141 1555
142 1579
143 1644
144 1671
145 1686
146 1734
147 1763
148 1800
149 1836
150 1870
151 1904
152 1955
153 2014
154 2044
155 2101
156 2163
157 2206
158 2261
159 2295
160 2323
161 2367
162 2395
163 2417
164 2457
165 2500
166 2573
167 2608
168 2651
169 2719
170 2774
171 2809
172 2856
173 2874
174 2906
175 2943
176 2995
177 3049
178 3083
179 3096
180 3124
181 3188
182 3232
183 3300
184 3361
185 3406
186 3491
187 3568
188 3626
189 3709
190 3745
191 3780
192 3835
193 3903
194 3995
195 4035
196 4087
197 4186
198 4273
199 4310
