0 0
1 27
2 55
3 82
4 105
5 122
6 153
7 179
8 208
9 236
10 269
11 302
12 331
13 356
14 377
15 412
16 434
17 456
18 487
19 509
20 527
21 561
22 591
23 622
24 652
25 672
26 695
27 716
28 740
29 765
30 793
31 827
32 853
33 891
34 925
35 953
36 987
37 1020
38 1050
39 1080
40 1109
41 1137
42 1163
43 1191
44 1219
45 1244
46 1268
47 1295
48 1324
49 1345
50 1378
51 1404
52 1428
53 1461
54 1483
55 1516
56 1552
57 1591
58 1617
59 1648
60 1681
61 1703
62 1729
63 1751
64 1776
65 1801
66 1835
67 1862
68 1890
69 1919
70 1945
71 1973
72 2002
73 2032
74 2064
75 2091
76 2126
77 2150
78 2179
79 2213
80 2231
81 2259
82 2276
83 2306
84 2332
85 2356
86 2381
87 2412
88 2435
89 2464
90 2495
91 2515
92 2535
93 2559
94 2581
95 2613
96 2641
97 2672
98 2702
99 2732
100 2761
101 2799
102 2836
103 2878
104 2904
105 2926
106 2947
107 2978
108 3008
109 3036
110 3063
111 3090
112 3124
113 3150
114 3174
115 3212
116 3236
117 3258
118 3283
119 3317
120 3347
121 3375
122 3400
123 3432
124 3458
125 3482
126 3508
127 3532
128 3562
129 3594
130 3612
131 3636
132 3659
133 3691
134 3724
135 3741
136 3770
137 3813
138 3841
139 3871
140 3896
141 3920
142 3954
143 3989
144 4014
145 4028
146 4056
147 4079
148 4115
149 4138
150 4170
151 4195
152 4222
153 4248
154 4275
155 4305
156 4333
157 4359
158 4390
159 4412
160 4433
161 4465
162 4488
163 4515
164 4547
165 4577
166 4608
167 4636
168 4665
169 4698
170 4724
171 4750
172 4780
173 4800
174 4825
175 4851
176 4876
177 4898
178 4923
179 4941
180 4965
181 4996
182 5019
183 5061
184 5089
185 5112
186 5138
187 5173
188 5199
189 5227
190 5253
191 5278
192 5307
193 5330
194 5361
195 5382
196 5407
197 5441
198 5467
199 5490
