0 0
1 0
2 0
3 0
4 0
5 0
6 0
7 0
8 0
9 0
10 0
11 0
12 0
13 1
14 1
15 1
16 1
17 1
18 1
19 1
20 1
21 1
22 1
23 1
24 1
25 1
26 1
27 2
28 2
29 2
30 2
31 2
32 2
33 2
34 2
35 2
36 2
37 2
38 3
39 3
40 6
41 7
42 7
43 7
44 9
45 9
46 10
47 12
48 13
49 14
50 20
51 21
52 22
53 25
54 25
55 28
56 29
57 29
58 32
59 34
60 36
61 37
62 38
63 38
64 39
65 40
66 41
67 41
68 41
69 41
70 46
71 48
72 51
73 54
74 57
75 62
76 63
77 64
78 67
79 67
80 71
81 74
82 81
83 82
84 85
85 90
86 94
87 94
88 99
89 101
90 106
91 108
92 111
93 113
94 114
95 116
96 120
97 126
98 129
99 132
100 136
101 140
102 143
103 147
104 153
105 159
106 164
107 167
108 173
109 178
110 181
111 189
112 193
113 197
114 201
115 205
116 212
117 218
118 224
119 228
120 234
121 243
122 248
123 255
124 260
125 265
126 275
127 288
128 295
129 305
130 313
131 323
132 336
133 349
134 357
135 364
136 371
137 381
138 394
139 401
140 416
141 429
142 438
143 443
144 453
145 463
146 470
147 477
148 481
149 493
150 503
151 515
152 523
153 536
154 543
155 548
156 558
157 569
158 580
159 594
160 604
161 615
162 621
163 635
164 645
165 656
166 666
167 677
168 688
169 704
170 724
171 742
172 762
173 783
174 795
175 805
176 818
177 831
178 843
179 857
180 873
181 893
182 904
183 919
184 933
185 951
186 972
187 983
188 991
189 1017
190 1028
191 1038
192 1052
193 1056
194 1073
195 1089
196 1110
197 1124
198 1135
199 1150
