0 0
1 31
2 58
3 90
4 110
5 133
6 154
7 184
8 198
9 233
10 254
11 273
12 291
13 318
14 340
15 365
16 392
17 416
18 434
19 457
20 490
21 521
22 548
23 574
24 604
25 627
26 655
27 677
28 701
29 728
30 749
31 778
32 803
33 830
34 861
35 879
36 909
37 934
38 958
39 980
40 1009
41 1039
42 1070
43 1095
44 1119
45 1150
46 1179
47 1215
48 1245
49 1267
50 1299
51 1326
52 1347
53 1377
54 1399
55 1431
56 1453
57 1473
58 1496
59 1525
60 1554
61 1589
62 1611
63 1645
64 1677
65 1705
66 1732
67 1760
68 1777
69 1800
70 1829
71 1852
72 1883
73 1910
74 1939
75 1966
76 1993
77 2012
78 2041
79 2069
80 2097
81 2123
82 2152
83 2179
84 2203
85 2230
86 2262
87 2281
88 2313
89 2340
90 2374
91 2405
92 2427
93 2453
94 2469
95 2493
96 2526
97 2563
98 2592
99 2619
100 2646
101 2676
102 2696
103 2722
104 2749
105 2787
106 2805
107 2833
108 2861
109 2884
110 2916
111 2943
112 2969
113 2992
114 3016
115 3041
116 3073
117 3092
118 3111
119 3136
120 3168
121 3201
122 3230
123 3255
124 3272
125 3295
126 3317
127 3353
128 3379
129 3415
130 3445
131 3466
132 3497
133 3529
134 3552
135 3576
136 3599
137 3629
138 3660
139 3695
140 3722
141 3750
142 3780
143 3802
144 3829
145 3856
146 3882
147 3908
148 3938
149 3961
150 3987
151 4014
152 4039
153 4069
154 4084
155 4105
156 4130
157 4161
158 4187
159 4216
160 4250
161 4270
162 4289
163 4315
164 4340
165 4370
166 4399
167 4423
168 4448
169 4473
170 4510
171 4536
172 4572
173 4607
174 4630
175 4651
176 4679
177 4709
178 4737
179 4758
180 4779
181 4808
182 4831
183 4860
184 4885
185 4913
186 4937
187 4965
188 4989
189 5021
190 5038
191 5064
192 5089
193 5108
194 5139
195 5165
196 5200
197 5220
198 5250
199 5280
