0 0
1 0
2 0
3 0
4 0
5 0
6 0
7 0
8 0
9 0
10 0
11 0
12 0
13 1
14 1
15 1
16 1
17 1
18 1
19 1
20 1
21 1
22 1
23 1
24 1
25 1
26 1
27 2
28 2
29 2
30 2
31 2
32 2
33 2
34 2
35 2
36 2
37 2
38 3
39 3
40 6
41 7
42 7
43 7
44 9
45 9
46 10
47 12
48 13
49 14
50 20
51 21
52 22
53 25
54 25
55 28
56 29
57 29
58 32
59 34
60 36
61 37
62 38
63 38
64 39
65 40
66 41
67 41
68 41
69 41
70 46
71 48
72 51
73 54
74 57
75 62
76 63
77 64
78 67
79 67
80 71
81 74
82 81
83 82
84 85
85 90
86 94
87 94
88 99
89 101
90 106
91 108
92 111
93 113
94 114
95 116
96 120
97 126
98 129
99 132
100 136
101 140
102 143
103 147
104 153
105 159
106 164
107 167
108 173
109 178
110 181
111 189
112 193
113 197
114 201
115 205
116 212
117 218
118 224
119 228
120 234
121 243
122 248
123 255
124 260
125 265
126 275
127 289
128 296
129 306
130 315
131 325
132 338
133 351
134 359
135 366
136 373
137 383
138 396
139 403
140 418
141 431
142 440
143 445
144 455
145 465
146 472
147 479
148 483
149 495
150 505
151 517
152 525
153 538
154 545
155 550
156 560
157 571
158 582
159 596
160 606
161 617
162 623
163 637
164 647
165 658
166 668
167 679
168 690
169 706
170 727
171 746
172 766
173 787
174 799
175 809
176 823
177 836
178 848
179 862
180 878
181 898
182 909
183 924
184 938
185 956
186 978
187 990
188 998
189 1026
190 1037
191 1047
192 1061
193 1065
194 1082
195 1098
196 1120
197 1135
198 1146
199 1161
