264083994
390356988
1096859621
5813021485
5813057153
328010530
756502912
1378212488
1594117455
5812981460
5813021221
5813057615
5813078557
356140100
2097462638
5813078095
5813063150
510602264
695124651
1158994954
1320177531
1819805664
5813014907
5813021615
511051477
696846594
1067923228
1664980698
1975347348
2068801704
5812980662
5813011683
5813020795
5813021196
5813021943
5813027028
5813058431
5813069193
5813075715
5901222742
516055524
5813011660
5813021948
543702186
5813040744
604460198
1128235633
667189309
1098953561
5813027248
829141094
912601209
1066511487
5813001741
5813002722
5813014572
5813023097
699031185
5813026773
787883174
974843875
1563929167
5812995141
5813021217
5813021666
787883482
5813020750
1288172070
1535902995
911332304
943420912
1072063538
1189973148
1190344036
1501332510
5813033279
1749628974
5813022753
943822621
602382052
695465316
1376540712
1884625521
1943950268
5813016455
974839580
974843957
1005174948
1128274593
1158631810
1314130144
1591701396
5812979048
5812996681
5813069255
1158644769
1282754143
1283406432
1344823436
1345164753
1532039267
1656523777
1941925302
5813087839
1159262075
1505209641
1563419167
1313115480
1190638276
1252409535
1220343010
1565923309
1226029612
1475529821
5812983943
5813024792
696881909
5813022274
2132210365
1343407759
1529448753
1378182447
5813045602
5813069648
2065745704
1418618235
5813021480
1534914914
1535709211
2007068523
5812981763
5813063356
976506780
5813057606
1874782886
2039100722
5813002721
5812980047
5813021882
1284373356
5813022839
5813045601
577503616
5813063151
974771466
