297572076
575063620
1066511487
1079143870
1168120366
1172623224
1229844484
1346645554
1498582292
1530704811
1657180902
5813022753
5813054101
5813054443
5813058236
324370873
893642012
944132752
1198132041
1260542968
5812998963
5813020751
5813087952
328010530
821340054
912601209
1072063538
1077122311
1189973148
1193448112
1873086710
5812980457
5813020750
5813020795
5813021874
419907780
572046627
1017797863
1136744598
1138453962
1139857380
1159944202
1191315642
1220257145
1289523022
1418186940
1467987587
1468630778
1500028932
1533015284
1534721340
1561351296
1567459823
1595431209
1596811105
1625191546
1686169952
1687184361
1687525648
1719237770
1782006592
1812005485
1813352159
2063013720
5813021943
5813022826
5813046323
5813047655
511685969
544038123
575409523
703106626
730618686
731736853
765063664
792369310
851715547
861242399
862615150
888171826
892268119
915148745
915157442
924002286
956060536
974771466
974839595
974839704
974843876
1007891891
1017781118
1037328706
1069607310
1077454826
1108818071
1111243796
1128274593
1138117141
1139148919
1220257051
1221768103
1226797688
1230531193
1231899588
1253821732
1255138222
1257163007
1263646693
1284101668
1285750483
1285849782
1289233864
1292670202
1313392097
1315770230
1319919608
1325405571
1347176607
1347901684
1377512967
1379644459
1407269144
1407866051
1436188322
1437302815
1438550573
1438563366
1438969068
1439962910
1440972629
1441616802
1442293171
1445445434
1449225711
1467961485
1468346629
1469905436
1473997538
1501074228
1501980151
1529933124
1532342546
1533338992
1540518369
1561688563
1562703917
1563755856
1564097484
1599517714
1604440343
1623464400
1628840763
1657516638
1658519783
1660897972
1684127680
1685147024
1687230765
1690228471
1691600238
1691941760
1692627340
1715158302
1719903353
1721275233
1815087643
1843714465
1845431840
1847452619
1848126450
1873353948
1873734612
1874782886
1876112808
1904117032
1934768198
1935813134
1939887371
1967508592
1967537971
1968215498
1996522484
2032301858
2032664066
2064040033
2093361647
2094043383
2094381099
2123058597
2150355261
2153083787
2153726292
2279285729
2309297883
2342029025
2342029749
5812988128
5812989161
5812990492
5812990956
5812992819
5812999529
5812999543
5813007604
5813013769
5813016650
5813022816
5813038911
5813047522
5813053923
5813055495
5813056257
5813056423
5813061218
5813068748
5813078261
5813103030
5813126319
5813131327
5901199267
5901200775
5901204502
5901214002
541697718
543702551
603482385
696863848
791009819
822393878
852751415
923636089
923661510
954010798
974839708
986422220
986759122
986767293
1009919653
1049510640
1077079340
1077783684
1080200318
1095780246
1108459326
1108813935
1128572709
1137426492
1138803610
1139498553
1167438189
1191048727
1199837203
1221285175
1230526693
1231955849
1251996302
1254362189
1260197510
1261220600
1283034573
1283039493
1284338898
1284394253
1312369036
1313879738
1316431876
1316768561
1320177531
1325733981
1343403608
1346477190
1347120625
1376485417
1410235604
1410568569
1468342128
1471269906
1533063011
1565730149
1597471478
1658885859
1659231557
1659866988
1690274628
1692619060
1754348495
1843390279
5812983652
5812987690
5812992406
5812992898
5812993678
5813015345
5813016987
5813021196
5813021882
5813021948
5813033742
5813038293
5813047685
5813058376
5813064410
5813078557
5813134255
543360557
770249286
1139848472
1285849916
1753670413
543369332
913474046
924335413
1096894260
1164131530
1198468652
1201231760
1202259458
1253700547
1283031294
1440571897
1444351896
1596104906
5812988132
5812993665
543692985
945238486
883514695
1128676181
1442314421
1502701269
5813067929
419908058
639905310
666847851
757530777
757538997
892277790
987104744
1013291042
1017090133
1036149761
1037660908
1047784109
1047784113
1048492504
1049174217
1070638675
1109167269
1138458236
1138807940
1160070135
1163384537
1169492912
1193029926
1200182475
1201568401
1201568464
1221285128
1224560577
1232249314
1260883995
1262602271
1284736626
1288267063
1378156512
1378860414
1379187792
1408207343
1437165487
1439577670
1470950640
1503754316
1504427615
1504765194
1562712175
1563467433
1566799785
1597157083
1627131491
1627890175
1629538966
1659904546
1687865828
1690232419
1716487667
1717153009
1717894837
1718202035
1718995507
1720585281
1722310842
1747518018
1753359149
1753359267
1783362106
1810659099
1815769330
1817452948
1845449270
1872404653
1873738899
1876466986
1907587934
1971600674
2000606012
2026866677
2064040127
5812979948
5812991476
5812994939
5812997245
5813061112
5813077663
5813087650
5901197740
544038294
574058475
669325882
892609630
985036637
1005857944
1016749264
1018472039
1231955819
1259856448
1261229600
1315801005
1352357010
1407873674
1441949046
1500029052
1562689878
1597493900
1654525956
1719591388
1719953914
1748925835
1754369991
1782321284
1811997861
1843023572
1873065775
1936507376
1940557189
1998918602
2065034289
2121719944
5812989312
5812991473
5812994094
5813001173
5813002519
5813003477
5813022538
5901205152
544046671
1380331849
1654802248
1815126312
5901214470
544366430
791527493
892282289
950561202
1136744615
1158191887
1158532993
1167438283
1188889654
1189230639
1189563993
1189904590
1251969396
1263668331
1314052933
1342704830
1343732093
1374097180
1384017738
1407260897
1435136061
1497875250
1532742712
1536745675
1571712309
1658855991
1688526691
1750269273
1934448766
545389295
697882667
758296423
759632919
1080545525
1283013506
1294366310
1345455479
1503677795
1532994730
1591701396
1594126047
2124762952
5813011683
5813022024
5813078095
1295035551
573414975
884464419
1047119615
1110557531
1259851971
1261220560
1438908304
1468993852
1595409504
1655799516
1687844304
1690902029
1872358035
1877446436
1968548221
2248587492
5812983356
5812988569
5813031775
5813045027
1111572164
1263663953
1499951446
5812988573
5813053783
1069187878
1159262177
666843305
924348411
986763734
1167097291
1221971218
1262994911
1319927827
1499934819
1565743481
5813069702
852738570
1136740119
1534059927
1723658004
1876125353
2183777296
2185481747
2278253799
2312000588
5812979017
5813048268
666843229
1999587615
2061316365
738155917
1046087606
1128235633
1130152528
1136399018
1138803664
1171915022
1188889837
1189230326
1198132028
1200523558
1252677095
1256831016
1316103996
1343407759
1376809072
1378182447
1379183233
1409669895
1440652320
1468009771
1471600919
1499277688
1502304335
1503042472
1503663979
1657949330
1749957192
5813040744
5813049966
5813062096
5813067943
1080196056
1169838185
1405904811
1408880450
1439574161
1533355907
1534038921
1534699969
1594057710
1595084420
1626560096
1690910458
1720248819
1782987343
1844750081
5812980103
5813133355
5901217539
730709173
826784485
852724544
857456902
862265490
883415496
892281819
893628094
925008566
954692704
955024591
956397821
979567244
1005858013
1008253493
1016408273
1067223806
1077792387
1080200419
1108463488
1108468602
1108818403
1110566303
1110885663
1111244083
1111567676
1131339501
1136744536
1137085385
1137430679
1139153136
1141937695
1142257556
1167097258
1167429808
1170870156
1171910557
1189912812
1190374287
1191273014
1192434435
1220270134
1222701117
1230526667
1230526698
1230531237
1232266231
1251654856
1251995567
1252337419
1260192984
1260197431
1263327135
1284338822
1287856629
1290209390
1313038188
1313733623
1319583205
1342371499
1345087352
1346469613
1356772884
1376827225
1377841477
1378604678
1379907704
1380206312
1407853195
1409882329
1437885898
1439590350
1439889795
1441283637
1468207771
1468998393
1469227143
1469240274
1469589825
1469918192
1499912869
1500288728
1500369943
1501976890
1503331732
1505727476
1531676892
1535462901
1536433916
1560311044
1562699987
1566169568
1598845133
1625804774
1627561374
1628523730
1628869271
1653752968
1685555983
1688578394
1688868386
1690602927
1719250390
1719569268
1721025057
1722670422
1730957703
1748567506
1749007519
1749236368
1750605638
1751986317
1752672460
1779221851
1779598492
1781328716
1782992460
1782996020
1783000305
1783029895
1784738845
1810645950
1811646824
1813403869
1813732543
1814733827
1815385988
1815432882
1817112855
1817444315
1817449059
1818473569
1843714565
1847806275
1875090567
1875469390
1876125752
1877231006
1877468736
1877792679
1879165918
1880209425
1902066682
1903413800
1904420313
1905114003
1905429029
1906499952
1907501440
1907824988
1911888093
1912600163
1933429987
1936482106
1937501015
1938175243
1965155742
1965487934
1966174797
1967184399
1968872215
1969222604
1996190954
2031961086
2033333818
2060285444
2064040742
2064713562
2088950218
2088971332
2089648712
2121340624
2125414881
2149992004
2152746462
2182080471
2186155295
2211737961
2244810862
2246861609
2371350795
2435820808
5812986560
5812987748
5812988109
5812989160
5812989300
5812990470
5812993291
5812998833
5812999862
5813002657
5813025000
5813025540
5813031566
5813039136
5813039410
5813047637
5813047695
5813049567
5813060840
5813064415
5813069020
5813133779
5901196481
5901197700
676504624
789636635
954675120
955378609
1005857954
1016753670
1017785388
1049511179
1079867909
1079872487
1080212848
1099199236
1108113869
1109149659
1128576728
1136740146
1137085556
1138117104
1138807914
1139144718
1139148900
1139498548
1168465622
1170175142
1170179464
1170874403
1198809663
1199155289
1200864690
1229507904
1231213221
1261565726
1262990404
1283371992
1284373356
1286083010
1318956632
1343749602
1344207087
1376149163
1414327340
1438546731
1441590591
1504700834
1533040839
1536403805
1567452222
1690220122
1690598004
1691937933
1692278031
1814729788
1847145780
1965825035
1995861983
2058954777
2058955063
5813011660
5813032709
5813035545
5813054534
695124651
1500373828
5813002027
892622625
924344128
1136399017
1440252127
1876449448
735004751
884463495
1047787967
1107423158
1108105485
1108473279
1108800338
1129306180
1168461253
1172627154
1228821333
1291573712
1319591563
1375768970
1378194285
1469947718
1563372679
1629168807
1655458719
1656792632
1688540066
1783038540
1847115656
2031960555
5812980456
5813023434
699588209
915157547
1410049368
1688573830
1876787280
2374744103
701923413
1005110376
1079522281
1080537608
1110536002
1231903799
1256831471
1261902687
1436961485
1437613381
1468359247
1533683889
1562352871
1562781110
1563122080
1594812379
1629880348
1657258338
1657539428
1658502349
1660241426
1686877039
1688211725
1718179755
1720951330
1722336935
1723325346
1748929680
1752090091
1753354657
1753371564
1781981967
1814780768
1815131045
1905093552
1938195143
1968889019
2125424856
2182749660
2276540626
2309975707
2339650329
2340674025
5813013882
5813016057
5813038156
5813038880
5813042873
5901196239
5901219107
5901225201
892259847
892963681
914100101
944807084
986396204
1017802884
1048491559
1048837669
1079859469
1100900138
1110566098
1138453934
1140188914
1142598324
1198809632
1198809646
1232249325
1259852010
1281985562
1283695650
1284027922
1294362035
1317457971
1350626363
1374438280
1374554946
1375482740
1378856024
1379530114
1405784237
1408612051
1411655369
1437156900
1438299718
1439903052
1467797424
1468877324
1499039901
1501664809
1503754677
1528253194
1532410248
1535769552
1538476539
1562004333
1564374638
1567145429
1626573444
1626781562
1629206279
1657949594
1686190133
1692614515
1717899399
1749007402
1750243366
1778920327
1785408384
1785745638
1813399871
1813403998
1815826155
1839975232
1842005270
1870993614
1874395413
1875081952
1876484146
1903073523
1904117126
1904755969
1906104050
1908524574
1965492600
1967866061
2002976113
2028588805
2093327290
2122026858
2154767014
2183418336
2246874503
2310627904
2403063724
5812988273
5812990726
5812995023
5812998041
5813015763
5813022959
5813045867
5813062668
5813062759
5901199292
5901225239
707871991
974839706
981583545
1080532771
1137780791
1197791054
1263996477
1689256407
1874063177
5812981460
5812984012
5812995785
728230587
1111217863
1289238742
1562785146
1016408310
1080213108
1109141617
1109194016
1141251402
1167434000
1167438288
1171548200
1188885499
1198818609
1199159635
1200195625
1200541130
1200541193
1202250762
1222302866
1229848754
1232262105
1232594718
1255405703
1256835428
1280971174
1281324958
1281649467
1282676872
1282693736
1283030884
1284054234
1288893609
1289229700
1289233847
1291569166
1312015204
1319919610
1322263019
1343395439
1343749180
1344392982
1347126097
1347906562
1348920548
1350268702
1375462484
1378168833
1381277138
1382002299
1404446113
1405788552
1405789352
1406155403
1407148900
1437863703
1438304464
1438304477
1439203192
1466511550
1466861327
1468238571
1470971204
1498582584
1500020379
1500024261
1500953002
1502304455
1504423575
1504432299
1507441049
1507445759
1532060598
1532358825
1534785094
1558605806
1559284164
1561646261
1563099587
1563389824
1563393697
1567107667
1567482594
1593417998
1596091814
1622350949
1624083046
1624418395
1654120086
1655103469
1655497024
1657603789
1658199518
1660198276
1684451749
1688302103
1689239035
1714816347
1715459859
1716496582
1718227906
1719549300
1749258134
1749944256
1753034787
1753695554
1776886049
1778220673
1783051753
1807572051
1808241116
1808936407
1809273495
1814781633
1815126433
1817453065
1817457808
1817786077
1841019896
1842682500
1848251306
1848592019
1849178917
1874035952
1875124235
1876147437
1906789614
1935821486
1939543295
2000265159
2000900137
2031266973
2059926799
2059978318
2090681039
2120982517
2155418746
2181390246
2181730644
2277917069
5812987894
5812989120
5812991470
5812993245
5812993997
5812994037
5812995535
5812996595
5812999429
5813000369
5813002071
5813033675
5813038299
5813044940
5813045346
5813049193
5813054063
5813054748
5813060340
5813068615
5813075792
5813077658
5813078658
5813085201
5901211087
5901217847
852051464
883121695
892268510
892958763
924681085
955383233
986063833
987424258
1017094185
1018462968
1047106475
1049511270
1109841562
1111917081
1139498661
1200174183
1226084614
1251032454
1252121060
1256490714
1285197124
1288888967
1345079276
1348829819
1374442368
1379549812
1406928592
1409540932
1438300285
1438304604
1473993887
1499683287
1504086607
1504092028
1505412068
1532401727
1535410628
1536783933
1538135372
1561325878
1593401239
1623081361
1626827823
1652747834
1657258136
1657263405
1715814552
1718308979
1721309290
1777918421
1808927915
1842051749
1871717951
1874749571
1876105544
1908528698
1968877434
2028261229
2089653445
2154442557
2217535958
2249597588
2372735820
5812988532
5812988723
5812989784
5812990060
5812990157
5812991619
5812991798
5812991924
5812993257
5813016076
5813041453
5813041581
5813056083
5813102910
5813109987
5901213153
790371015
892277589
913835893
925017453
1171548392
1280980178
1312369181
1319915731
1377002848
1441590157
1473648518
1503413797
1591704108
1690935369
1747216834
1750039535
1750371809
1750712639
1753359080
1753998191
1779611494
1813728233
1815713979
5812988820
5812989707
5812992348
944836835
986763451
1048125254
1049169888
1079855015
1138812529
1141259920
1167433990
1167783359
1168129036
1190250299
1198477590
1199491747
1200182517
1222332850
1229507863
1230190149
1232266394
1232607542
1250277991
1254460664
1261561493
1282007450
1282348408
1285167873
1288893672
1288897930
1289238970
1294362092
1314069729
1319927345
1320263998
1322626125
1343045604
1343744386
1344086667
1345442381
1346784410
1350613510
1374767239
1404778340
1468648854
1497205225
1501640127
1529596392
1529928359
1531063618
1558605812
1563095398
1563364112
1563782253
1589636158
1592382424
1622360309
1624074309
1625446695
1627509034
1653390223
1654110835
1682707330
1683440362
1685811275
1686156878
1690897627
1714795031
1720950695
1748222538
1748550345
1749258463
1776865370
1777227052
1779231120
1782680353
1814781082
1815765750
1817449229
1817457847
1817785661
1838615654
1848138779
1869649833
1873086684
1879519066
1903397125
1906116138
1908171744
1938174967
1938536260
1966494349
1996536055
1998250011
2001633881
2026862112
2027890302
2063691268
2119985101
2122047447
2154451583
2243458832
2244482994
2247535548
2308585856
2341653659
5812989274
5812989421
5812989689
5812991952
5812992219
5812994062
5813016381
5813020347
5813033971
5813044882
5813056280
5813069053
5813070050
5813095964
5813098586
5901207252
5901207927
5901215488
1376144653
1809614687
5813001133
5901196898
757530901
1347125913
5813031359
1047123862
1190737748
1469931842
1656834679
757880474
759633941
1260538467
1138799127
1140193613
1845431908
5813033379
1080200438
1166065510
1221983537
1319915822
5813021666
1257245650
1533040625
728235160
862252074
891595069
923640363
923994401
956043578
987091864
1018458715
1109491902
1166756335
1199850242
1261220527
1261907163
1289229572
1319591297
1349603861
1500598873
1505753240
1536434011
1566411868
1597835331
1624747496
1658834715
1690893361
1691259738
1691580160
1719332432
1719928105
1722311484
1782369340
1811630361
1813727811
1847460927
1876147388
1935113207
1935126292
2187515326
2215808978
2218213100
2247202730
2278254808
2281293895
2310627347
2372697700
5813002984
5813016652
5813038821
5813045792
5813058307
5813130156
788565050
793815358
1046734991
1967854158
2217868424
821702731
893633230
918529614
1008926596
1017789715
1038079690
1161688286
1167783672
1260879601
1283147383
1352684733
1375924140
1504096262
1536132286
1537130629
1564097399
1753695319
1785412639
1875469089
1970253290
2031279383
2033010036
2091690899
2185818269
2186837387
2215809310
2216159577
2404108218
1907818305
5813009723
892600621
923661937
924689450
925017553
956060773
976515311
986059699
1011293310
1048125065
1049502699
1070638914
1080537610
1108796315
1109495366
1110894595
1140547788
1140867533
1172242848
1190926889
1222195226
1260884244
1289234133
1312346567
1319591480
1320273763
1348584223
1350272746
1378587904
1408535544
1411262721
1438304554
1438304646
1470996844
1500369887
1504342382
1504423636
1561347849
1563436481
1595106149
1625080038
1628230708
1630216646
1655423982
1686839045
1718863441
1719237849
1751262627
1752988351
1753329751
1754370241
1780599911
1782318275
1785740683
1810986443
1811012154
1875409122
1906496111
2059282786
2059645808
2089977802
2122713426
2150354963
2214475321
2309297730
2312009256
5812995141
5812996568
5813016380
5813016851
5813038822
5813069528
5901214842
1139153107
861915746
862606678
883418989
923998505
955024729
985722839
986059778
1016403672
1080541849
1110562345
1110903013
1111576163
1159715613
1379355446
1501074095
1595853024
1622394511
1686229077
2184459381
2185140938
2185460817
5812993252
5901215009
1816754260
980598738
1592378239
2185486349
5812987001
1562404878
1563441250
5812980047
976187276
987424042
1437276654
1537803564
956056543
1048492326
893287520
1107768772
1690266547
1690283476
5901202018
851711063
1471610338
1938830923
1501074253
2058932928
857819389
1137780695
1139490055
1199496234
1316194019
1411250251
1435835226
1622740353
1623422292
1656834653
1813028777
5813041801
5901215834
7112579856
861574669
1535087168
861583357
861588280
861920141
2251593112
2399661379
862265699
1502364155
955020637
985710145
1048470473
1169488657
1198468674
1200886425
1657517242
1721642072
2026896672
2283671710
2339953253
2372696804
5813014262
5813045646
5813081845
5813096626
975526517
1077783715
1108109641
1108459090
1110906913
1139498577
1160288913
1170892252
1199496243
1228480354
1256490709
1258833307
1261902646
1261902715
1344064626
1347470894
1374784418
1438300188
1467548306
1469278367
1502347507
1534448646
1537443909
1560328753
1653428683
1654818612
1655475659
1658518741
1718922502
1750630587
1789933168
1872396010
1969230358
2092019182
5812987747
5812988294
5812992683
5813027631
5813033809
5813038294
5813038319
5813038769
5813048920
1407252557
2281638999
924326157
861920007
892623020
923644592
986758977
1047784012
1069632261
1079527389
1110186452
1316530839
1342717266
1406147470
1437527210
1445134193
1563355501
1623072504
1878271377
5813016661
5813038202
5813082120
1167433954
1437881835
1438300417
1625101825
1814055949
5812986572
5813016065
891586904
1749020274
891936249
891918572
891922927
891923486
891927856
1379178724
891931735
666843764
1049838815
1080537421
1533088563
2182417008
2308952361
2404077917
5813006217
1137767444
1406583670
1659235557
925021558
1170865901
1233285645
5813067945
1201210044
1623378159
1723019231
1784725840
5812990959
892605388
892609615
1007576087
1016749259
1016758041
1199837196
1229162373
1319591678
1537456949
1722337568
1753695198
1809592670
2089649630
5812990678
5812996662
1753670596
892622947
1046385084
1536068485
5901214649
892950729
955698260
892963332
892963477
892968554
5813054096
892968637
1626106552
1348916717
911332304
915503330
955365826
1017802759
1018476201
1046726043
1076729222
1077765483
1080519686
1080878335
1107764141
1108109684
1109141678
1109158791
1110885932
1136744594
1138462564
1167429704
1168798447
1189559257
1201231816
1222696284
1222778569
1223127391
1225791777
1256494044
1259510945
1261565786
1282806123
1314747047
1319579391
1319591242
1319919698
1319932206
1343749689
1347901726
1350277508
1377845289
1405824057
1412989266
1435822283
1444006860
1472996209
1501660164
1529635236
1533036404
1533381646
1534784712
1559979355
1561304414
1562366881
1567456055
1590309572
1597456370
1658290299
1658990108
1684127778
1686932677
1689242749
1690283458
1714821040
1720226812
1723990099
1749919261
1750251452
1781333390
1785400064
1843744231
1849520324
1876458307
1933426240
1967844926
1997196747
2028261424
2029573063
2183439862
2213438953
2310627606
2340992769
5812988099
5812991436
5813014491
5813014572
5813037844
5813038232
5813039561
5813044889
5813048452
5813056582
5813076492
5813078174
1109500146
1137771848
1139507266
1139831143
1139856780
1171211215
1199837228
1199837236
1564024593
1723321202
5813048880
1347902152
1753354584
2280279010
1049839301
917493211
1499252557
1560661080
1566511014
1747228863
5812983845
5812989167
1080541803
1108101004
1137763222
1321222721
1595473051
1719678048
2027880999
2059611420
2182391321
5813031440
923321015
5813038196
5812990315
923644961
1535718264
1722682692
1536140581
923977051
893287523
924002690
861574640
924344089
1159555822
861583398
1190254555
892963919
1344055093
1849507321
954342682
955029299
955374672
955374862
2282661752
955715991
1198132022
956082289
1218901359
1281998821
5813060834
974498428
1221289185
5813057615
1407179534
1533083877
1560652549
1654754488
1717157246
1719225241
1813727537
1998176218
5812989090
5813049443
1562404815
2220920100
1049506374
1937164446
893645771
1139852825
1753385655
984008765
1564758330
984018803
1250290062
5812988577
985369220
1656494014
985377724
985714517
985731781
1107764430
1784730808
5812998950
986396100
1225114259
986404884
1437850908
1718568500
1138466987
1283354429
1313702895
1319923967
1346460600
1375769049
1499248377
987116716
1169492931
1189912345
1374413370
1434798830
5812988098
1140176410
985347040
1048120973
1069973758
1110566383
1139153150
1142266328
1190591244
1199496247
1228817231
1230872124
1232266414
1282844980
1289574643
1316086414
1319586861
1319587003
1319587380
1344509330
1346465519
1346788757
1349240911
1404783075
1407269137
1412989088
1440670595
1467194221
1507787264
1528577476
1531323131
1532401650
1536793384
1560285487
1563126068
1597494148
1626232238
1656157224
1657525433
1659226661
1688535040
1690917721
1716842091
1718918218
1722954501
1749274582
1750026634
1754041168
1754042300
1808267138
1813403762
1813403953
1814781537
1815471919
1816115219
1817444670
1817449116
1817794820
1846113980
1849179266
1872033743
1877930505
1907510214
1908865507
1933433614
1937879935
1938541380
1996202685
2185822630
2216154941
2340673987
5812988175
5812990925
5812992814
5813007578
5813021221
5813023480
5813035500
5813046478
5813048451
5813054032
5813056671
5813068239
5813083421
2306910835
5812991538
1006535847
1500020535
1688164533
5813038198
1658644171
5813031567
1438524573
1747569967
5812994347
1014344148
1231955783
1622377349
1962737400
2025506989
5813038118
1015049194
1139490024
1262654129
1779567374
1017793356
2369619281
1687874335
1566510982
5812986047
5812989550
1036546847
1910886083
891927728
1043005077
1047080740
1201231377
1232288020
1319911391
1319928264
1471601440
1502318251
1506076819
1537798206
1563436471
1594121850
1626919110
1688505620
1750247044
1753359088
1784393992
1907156409
2033005397
5813050827
5813061735
5813069377
987419574
861578964
1046411173
1566178615
1046730226
1046730586
1877152860
1047075964
1108813754
1475719629
1499830503
1047425857
1048837074
1232603386
1379541865
1319928209
1502635634
1534363304
1999583364
1171207089
1716522421
1412320780
1779710234
985386679
985722546
1138807924
1230535525
1283708500
1343736290
1408928039
1625463216
1746849335
1746858454
1752699920
1809264255
1815480848
1816788474
2059295981
2094397733
5812987890
1076724912
1076738914
1077084188
5812986565
1077415919
1077424267
1077434220
1108463484
1503413796
1597132214
5812986257
1077434622
5813054304
1077773987
1077779143
1077792194
1848151236
1078102400
1078106866
861920107
1077079217
1078102468
1138112854
1139494179
1169829963
1171548212
1200178237
1200182506
1228476109
1282690130
1470980397
1628192050
1752962124
1784739629
1079527169
1230531125
1625800608
1844421716
1311677904
1807917290
1907574944
1232607205
2337582623
1231610379
1098953561
1100558968
1263331517
1231614730
5813048450
1107423142
1107423154
1319583148
1108109658
1110173958
1108113892
1108459322
5812989059
704785546
1108472508
1136744508
1108805072
674423996
1566769457
5812986562
892964102
1109154711
1170179364
1817463007
1171219829
1199496276
1109133043
5812987709
1109141661
1289233656
1139157979
1532060472
1109827476
1109832699
1110173530
1110173882
1198818551
1110535962
1502001218
2117929003
2275491917
1563393904
1932730059
1110903093
1435140135
1813391435
1111244201
1111248481
5813044569
1111580845
1232940086
5812992408
1281316775
1137426569
1140172174
1169143321
1189227147
1198473350
1198473353
1200527901
1200868959
1201231826
1252151253
1254037524
1560988839
1566852153
1718231248
1722341820
1746875726
1816106457
1934124660
2027238554
2089649128
5812982566
5813062009
5813104106
892613686
1138799226
1138803621
1139835270
1140168071
1168120360
1169151891
1169833987
1172713521
1199150719
1221280490
1533723752
5812986579
860892302
1260879515
1347906163
1468350445
2061337872
5812988296
5813033678
5813017614
5813039334
1721996278
1232266303
1996475494
1136744477
1537466874
2339309967
1468230494
1137085557
1137085624
1137426370
1230867838
1376134899
5812994451
1139485872
1138449419
1046726280
1658860665
1138462526
1138462578
1138807874
1138807902
1138807923
1685781176
1138807929
1259510931
1189908829
2057219937
1139153158
1139153191
1139831308
1139831315
2029893828
1139835080
1140189290
1169147605
1140172133
1719928274
1140176456
1531975908
5813055129
1141208572
5901211214
1157850005
1158536635
1159551037
1232952921
1281303666
1311669538
1403392477
1404109050
1434798670
1435822158
1446152481
1589972966
1589982128
1621008677
1621012598
1714113234
1714113716
1714134140
1722333743
1818136404
2462110671
5812990478
5813023353
1158187240
1158528396
1188548330
1252665371
1158191562
1158877783
1189567690
1252337098
1158191622
1250959964
1249940263
1351623779
1562707421
5812989593
5813061197
1188885915
1469947367
1529583573
1622372180
1651701899
1901008788
5813056453
5813075607
1158864995
1219246255
1342022174
1342372169
1374063129
1466848532
1499226615
1560289552
1566528972
1590979045
1623719786
1656153289
1656157606
1745510607
1745860329
1751666374
1784052503
5813060163
5813082649
891922783
893637097
1190016758
1198809611
1200182533
1232634093
1252042438
1282474090
1294362042
1446762036
1471259890
1565496703
1566514866
1621004685
1628140423
1652725444
1683756677
1691574966
1722336465
1783025171
1785067611
1785076238
5813014907
5813016577
5813023097
5813038320
1294362000
1407874177
1559270886
1566519250
1749275570
1812984874
1904726014
1966864706
2153377173
2338926179
5812994896
5812998725
5813047992
1038783100
1166406326
1167438034
1168120397
1169842714
1201559665
1229849063
1263327214
1263668551
1413986475
1502342193
1533040541
1776553851
5812990740
5813045007
5813075754
5901193719
1161705902
944807006
955365353
1047075623
1077756950
1078443321
1111243870
1139485866
1141601145
1167092919
1199504729
1201214429
1201568417
1230190016
1232262131
1232603375
1256494439
1259852024
1262654081
1311993208
1319530284
1319591655
1348153557
1405780725
1407269278
1407610974
1437959040
1439963190
1474087416
1474446666
1475391747
1502748318
1504765248
1528926565
1529923621
1532405813
1532699404
1535808539
1538471582
1595866921
1622036197
1626922712
1684443103
1689994325
1722307233
1722346362
1749270652
1753695387
1753695941
1754037055
1754370428
1783348805
1785417481
1810944084
1814060070
1814410124
1817453257
1841663352
1848151877
1876803839
1876820783
1907518969
1932747064
1997230776
1997498177
2121685030
2279282060
2281634861
5812988077
5812996576
5813023645
5813033850
5813038168
5813038203
5813038238
5813054477
5813090856
5901118359
5901203099
5901215952
1165085220
1167092971
5813038679
1167429753
1167433978
1503418436
1167433991
5813077655
1439927802
1620671365
1784389638
1962759336
1994113270
2025507235
1498574596
1167779265
1497200791
1200182520
1168120382
1201927079
1413753838
1169151895
1312368829
1169842672
1169847128
1170175001
1170866180
1170179507
1170866126
1170188095
1170866275
1234329752
1654798059
1171898138
1201568426
1625804723
1200523569
5813062654
1199154817
1188548292
1657184761
1189566974
1249936614
1280634257
1344733447
1373734609
1656839128
1745830360
1158877703
1466844031
1469269528
1528244653
1566519741
1845117373
5813054575
1534107181
5813038197
1590650826
1748187188
1934737876
5813002456
1251287671
1437186918
1559948889
1593784995
5812994826
1219592090
1249932198
1199496144
955383212
5812990447
1656451502
1751325674
1779972924
1170515990
1688893211
1717899693
1721659644
5813024217
1192735693
923994365
1232607449
1534447833
1626482563
1719902535
1750289956
1753354671
1753695328
1845078711
1845453234
1876471221
1197100377
5813050145
1197100399
1197104631
1198123389
1198127720
1319583082
1350937208
1229162381
1198477582
5812989163
1198809657
1198814304
1466516076
1747181914
1781324410
1199491728
5901215446
1199496235
1348247173
1199850219
5813069193
1198818618
1199855170
1564075996
1200195649
1381704275
1564123481
5812999264
5813077803
1200527805
1200536428
1200536439
5812988063
1200541165
892277609
5813048670
1200873417
1685776284
1201227074
1201227161
2181048794
1848143184
1344082025
1435126790
1251999828
1285068138
1467859487
1528914548
1722346846
1745821751
1750984451
1754370281
1754370313
1781674298
1839288696
1906159299
1937193993
1998922583
2119272595
2121711447
5812993250
1294021030
1438912593
1567482299
1621003660
1722670151
1746884233
1869300439
1995516734
2062689505
2121707030
5812988514
1220607239
1250946399
1561977675
1138453852
1503755184
1782364786
1222022960
1380957285
1564472872
1222082871
923657277
1657940629
1748187330
1810956698
1222696201
925004416
1566851927
1348920795
1469555196
1562054982
1594126040
1405111246
1501664753
1717208400
1902364719
1225455907
5812987740
1228135037
1228817238
1229503438
1229840150
1228821305
1229849059
1230189701
1817444555
1139148877
1230530730
1818696317
1230530765
1167088413
861229045
1261220478
1231619255
5812983999
1201231770
1784057323
1848496662
1781333405
1848156241
1319246910
1812363713
1817448921
1817449236
1817790409
1232607453
1565833050
2027912072
2245501457
1714791446
1870336977
1232940390
1589969344
1746546621
5813023304
1476868405
1501323994
1688892924
1749957344
1530636214
1750622215
1784441060
1840636280
1907578957
1936788746
1936848448
1937875810
943813788
1753358914
1872762224
1932052159
2058273371
2147906589
5813050102
5813069570
1689915765
1722000794
1745847439
1838257401
1932401609
1963092337
5812998137
1253394169
1253398506
1256490087
891927839
892268282
892273269
1315084914
1749343874
1906137714
1107768683
862610554
1690020010
1814759464
5812993314
1256153716
1661588290
1256826061
1256830582
1257167345
1817785682
1197441527
1503413234
1006531350
1316534973
1686518948
1753695569
1137771829
1352598905
1817790222
1412014916
2152021090
1263327185
1263646370
1593012939
1263663980
1467858252
1621357756
1655496596
5813060342
1594087100
1808949598
2304829857
2336572685
1502342255
1530602252
1627509673
1784398302
1902066185
1907169406
1965475001
2055493046
5812992842
5813039336
5813107445
1440566287
1319591709
1471607030
1530606252
1714479649
1283406432
1626140980
1473332777
861233221
1532695435
5813014401
1722338027
1718917727
1785408640
1812078876
1655474822
1848492714
1293006629
1472965897
1659515529
1783690466
1287860853
1288893454
1508118556
5813034441
1289229674
1289238130
1078447707
1289238358
1289238841
892959608
1559284412
1717899720
1722005013
1723015266
1746884134
1753367903
1780651267
1808258566
1995858223
2219867226
2337578051
5812997110
5813055080
1620667669
1901734051
5812993994
1809302520
5813038918
1689200671
1414776601
1435791739
1714808591
1783068831
2055859601
1588924177
1776178073
1807886991
1931693857
1963070366
1994104533
2056179387
5812998629
5813034393
1405107113
1562673627
1654413566
1714138461
5813000926
1622471963
1313496323
1313845690
1313853933
1563436478
2088285029
1534788807
1658881325
5812993222
1077761532
1751994423
1167433982
1316867205
1319591442
1317208043
1289233760
5813016743
1629163100
1470237582
1564753797
1656834849
1817458052
1849174879
5812988086
5812996611
1813373584
1906159372
2029624973
5812991748
1343378332
1107764184
1138798959
1438304143
1540280212
1745510601
1785408076
1842682322
1872720467
1907584319
2251929379
5813078183
1375798493
1723023890
1808958240
1877217777
1434427905
1350273443
1717562249
1593743279
2121690154
1347905926
1814031575
1441598865
1077424293
1377814057
1440567395
5812987241
1348248235
1348580534
1848820426
1232257688
5813045024
1750621344
1351282553
1199496273
1566519520
1807191501
1839344717
1878543927
1932708720
1352598489
1654068522
1654405306
1747508899
1753358619
1753358965
1753359235
1753691232
1753695151
1753695482
1784389603
1784398319
1815773781
1846812834
1873078321
1905110758
2123719053
2242759530
1466485353
1501665145
1589986747
1784389414
1785058604
1838248665
1871994783
1939244343
1961688670
1470966783
1532699530
1815809293
1656494569
1504096339
1875460978
1229158221
1376800240
1849161220
1849166071
5813079014
5812993220
1379277446
1817453557
5813079585
1047780090
1107423040
1131011511
1139835335
1140517287
1164374521
1199837219
1201231700
1225761499
1231217536
1348242919
1380957320
1407269350
1468994014
1591682963
1594092024
1753359276
1753363739
1753700376
1784398330
1817107934
1817799390
1847806203
1905093495
1939904964
2278224718
2343038967
5812986871
5812993692
5813034101
5813016041
1721586536
1818122205
5813069046
1383633527
860896673
1814414329
1383633605
861233174
1561301125
1876492837
1689187126
1750929611
1813382259
1817448971
1228476093
893305416
1657266898
1409191044
1535065850
1441589107
1535718148
1413766741
892268553
1629504513
1434427171
2055807838
1838922052
1934470099
2117916890
5901204412
891927484
1017448980
1047412496
1108100939
1108796249
1138112831
1781295424
1814418212
1814422650
1876894387
5901214746
1316535138
1690011290
1508123771
1229162371
1503999967
862265735
1503754543
1466934104
1443026992
1170861854
1754711606
1654405904
2153087596
923303392
1811306906
1848837843
2244823763
1754033072
1781268241
1288897699
1469999513
1408952946
1471307510
5812986882
1472676490
1777871882
2273445006
2429314661
1626560949
1785399685
1078097609
1900322533
2025140249
5812998072
1750980224
5813034284
1508118468
1508118563
1814729223
1753691086
2431693514
1658155884
1784393707
1501332510
1785403942
1627117134
1660219098
1817449375
1565729476
1503754464
1966860704
1504423804
1996536301
1232948618
1529388533
1751330026
1166406277
1531391407
1532401533
1812696567
1170179426
1817458164
1200178228
1687874488
1537797832
1537803538
1319919814
1782369015
5812989051
1722342048
1689994034
1203273913
1441956741
1534694621
1659331215
5812998136
2462788390
862269552
893632417
1750587711
1754374486
1754715852
1077424349
1784057153
1036987921
1047080586
891935748
1753354492
1600666632
1714172947
2088629661
1745817746
1869282994
1869287638
1962733227
1817457987
1626827782
1753695866
1786091589
1907933561
1138795022
5813000058
1108787548
1876902545
5812986247
5812989105
1784734375
1687831632
1814781356
1288893503
1349253404
1782668028
1783361972
956384643
5812988137
1263309965
1507787627
1753695620
1784726510
1229166980
1229849064
1784398229
1749620832
1752016801
1138458221
1194384626
1596199055
861229030
1078788519
1077428662
1257504141
1849183960
1994091810
2024470697
2025480565
2087892251
1714479551
1817790281
1201210029
1878845226
5812995680
1749611399
1721309490
985347061
1815070402
924326233
1871031444
1201905111
1228817202
1444348057
1656839788
1934133595
1843118063
1749628974
356140100
5813021922
1751321418
1342777248
1753359145
1108446524
1753695182
1753695329
1907924777
1775837518
1806871988
1838252836
1776515792
1785067268
1784389055
5813038998
1784730276
1807212995
1838576598
1807537598
1808965929
2000903820
1839366494
1319574557
1815769521
1930649203
1931361464
2025122315
2026154319
2056516383
2056516423
2057194204
2087213841
2118913664
2119273026
2304437366
1837902676
5812997813
1869961275
1849503142
1754374121
1507446240
1754028170
1784397838
1076729207
1869287910
1931693938
5813034259
1723024021
1722346327
1018458566
1138458189
1626909735
1817108009
1200519445
1848492258
1046726193
977201052
1139822602
1876898200
1319579283
1690011142
1753359129
1931357226
1938544937
1906836822
1906849446
1907571222
1932034968
1931331793
2024465996
5812999812
5901198423
1994104774
1931694294
1931698878
5813001461
1993763546
2056511651
1935843067
1137085521
1563095512
1719595635
1723386459
1815778676
1816114845
1879877415
1376234554
5813034151
1197791057
1993773111
5813034099
1965168774
5813000577
5813001900
2002022447
5812994182
2024465881
2086540253
5813002436
1109819485
1753695576
2056494665
5813002964
1722333392
1785062580
1316158591
1690015835
1817448659
1047779784
1814777260
5901199075
5812992013
5813048447
2087870450
2088219787
5813002447
2088223973
1076739012
1566173885
1784052291
1814759163
1140863129
1168810900
1504427986
1656157978
1689993656
1754019541
1754715820
1846135022
1848483949
1907519001
5813050604
1562400848
2149253288
2280953178
2179731270
2215161310
1721020290
2210986738
2211443902
1656157451
1107764206
1199159353
1377905517
1753690864
1815773916
1753695251
1816456312
1348242642
1938207942
1752694591
1814751048
1594087386
5813069648
5812986564
5812987252
1440670548
5901210109
5812992468
1754028266
1753359328
1536783850
1751943911
1753695737
5813000450
1749020373
5813016911
5813002435
5812989776
5813002965
1108450825
1140188920
1257508477
1562745969
5813016056
1015048510
5813058431
1655479310
1877939213
1689989271
5812997387
1908226457
5813038825
1751257274
5813039499
1807584852
1721305372
5813053907
1016403512
1232266616
1257167518
1566173909
1813403630
510602264
5812987715
1347812305
5813015200
1500361710
1848824817
5813063829
5812988181
1657525390
1713788691
1289574672
5901196917
1263642185
5813087982
636594376
1107082199
942730172
861574292
1168815348
1107082256
1753674977
1193828958
1046385221
944146138
1138807926
1076724887
1870293886
1108109580
1537793884
1754033051
5813057153
1287865184
923648748
5812995757
1689994425
2117545327
