669325882
1597471478
5813023581
943813788
1557885051
1931698878
1994104533
2117895198
5813000926
5813033533
974502819
1870397068
1901427602
2056516383
2152021090
5812997070
5813000450
1014344148
2093361647
1129033939
1466485353
1749275570
1837902676
5812992683
5813069702
5901203935
1231610379
1316768561
1469269528
1529388533
1622471963
1751028010
1807191501
1807930214
1900322533
1963092337
1994104774
5812997110
5813024201
1313845690
5813069046
1315529069
1682707330
1807212995
1407873674
5813002447
1343749180
1343395439
1403392477
1344082025
1379644459
1868255513
1963070366
2398215718
1434427171
1496497366
1534124048
1434427905
1839344717
1434768400
1931331793
5812997949
1438912593
1869282994
1374063129
1588924177
1466934104
1716496582
1467944196
2055807838
5813039479
1469947367
1559284164
1624074309
1500288728
1776161570
1808258566
1838922052
5813047992
5812998802
2056511651
1558230909
1558226341
2210986738
1563100015
1566524544
2119273026
5812999239
1901734051
1593417998
1528253194
1713788691
1839366494
1691937933
1714172947
1808965929
1813399871
1843118063
1899956171
1931694294
1932708720
2025122315
2055493046
5812998594
1714808591
5813034259
1745817746
1930649203
1745847439
1198473350
1806850696
1746858454
1870293886
1775837518
1808624754
1931357226
5812997813
1467548306
1840359331
1869287638
1932401609
2025507235
2117916890
5812998629
5813002964
5813002965
5813039334
1776178073
1838576598
5812999812
1776515792
5812998641
1872762224
1806871988
1931693857
1807537598
1932034968
2056494665
1807886991
5813023313
5813038769
1872033743
2211328315
5812999264
1745510601
1809614687
1815471919
5813034310
1838248665
1869961275
1838252836
1838269993
1407874177
1932052159
1841728218
2024465881
1869287910
1993763546
1839366430
1961688670
1404446113
1994091810
1931361464
1931693938
2025140249
5813001461
1993773111
2118913664
2087892251
2088223973
1962733227
1818696317
2024465996
2056179387
5901198423
2117545327
2024470697
2025480565
2026154319
2147906589
2056516423
1653752968
5813001900
2057194204
2086540253
2087213841
2087870450
5813034393
2088219787
1812078876
2149253288
5813002435
1563126068
1876484146
2304437366
1873107977
1468289621
1589986747
5812994826
5812997196
1352706891
5813022599
5813002436
5813023304
5813057267
5813069570
5813049185
5813063227
1622372180
5812996970
5813038319
2429314661
1781674298
1842427674
2211443902
1312899483
1992161820
1837198715
