632570417
759291719
791527493
1476868405
1911888093
5812990478
974843875
1252409535
5812981763
1158631810
1158994954
1345164753
5813069193
1159262075
1190344036
1819805664
5813040744
1283406432
543702186
1884625521
2097462638
5813022753
5813026773
5813069648
1288301181
1129033939
1936788746
5813078107
1378182447
5812983501
1472676490
1569139619
1622377349
1535902995
5813027028
1561646261
1788546780
1563929167
695124651
1962828235
2003986785
1594087100
1911219563
1594117455
1604440343
5813070050
1622036197
1714113716
1749628974
5813021217
1752090091
730709173
1943950268
5813011683
1599493366
2132210365
2190537640
5812979970
5812983943
1096859621
1589982128
5813021948
5813020750
5813024792
2065745704
5813023097
5813058431
5813075715
5813069255
5813063150
699031185
5813001741
511051477
5813022274
5812995141
1715006401
