0 559
1 532
2 499
3 467
4 442
5 416
6 396
7 369
8 346
9 330
10 298
11 268
12 239
13 211
14 186
15 163
16 149
17 133
18 120
19 109
20 98
21 84
22 76
23 72
24 68
25 59
26 50
27 46
28 43
29 40
30 32
31 28
32 23
33 20
34 18
35 15
36 15
37 15
38 14
39 13
40 12
41 11
42 10
43 9
44 9
45 8
46 8
47 8
48 7
49 7
50 7
51 6
52 6
53 6
54 6
55 6
56 6
57 5
58 5
59 4
60 4
61 4
62 4
63 4
64 4
65 4
66 3
67 3
68 3
69 2
70 2
71 2
72 2
73 2
74 2
75 2
76 2
77 2
78 2
79 2
80 2
81 2
82 2
83 2
84 2
85 2
86 2
87 2
88 2
89 2
90 2
91 2
92 2
93 2
94 1
95 1
96 1
97 1
98 1
99 1
100 1
101 1
102 1
103 1
104 1
105 1
106 1
107 1
108 1
109 1
110 1
111 1
112 1
113 1
114 1
115 1
116 1
117 1
118 1
119 1
120 1
121 1
122 1
123 1
124 1
125 1
126 1
127 1
128 1
129 1
130 1
131 1
132 1
133 1
134 1
135 1
136 1
137 1
138 1
139 1
140 1
141 1
142 1
143 1
144 1
145 1
146 1
147 1
148 1
149 1
150 1
151 1
152 1
153 1
154 1
155 1
156 1
157 1
158 1
159 1
160 1
161 1
162 1
163 1
164 1
165 1
166 1
167 1
168 1
169 1
170 1
171 1
172 1
173 1
174 1
175 1
176 1
177 1
178 1
179 1
180 1
181 1
182 1
183 1
184 1
185 1
186 1
187 1
188 1
189 1
190 1
191 1
192 1
193 1
194 1
195 1
196 1
197 1
198 1
199 1
