0 0
1 0
2 0
3 0
4 0
5 0
6 0
7 0
8 0
9 0
10 0
11 0
12 0
13 0
14 0
15 0
16 0
17 0
18 0
19 0
20 2
21 2
22 2
23 3
24 4
25 5
26 5
27 5
28 7
29 7
30 7
31 7
32 7
33 7
34 8
35 8
36 10
37 11
38 11
39 11
40 11
41 12
42 12
43 13
44 13
45 14
46 16
47 17
48 18
49 18
50 18
51 18
52 20
53 20
54 20
55 21
56 23
57 25
58 30
59 33
60 36
61 38
62 40
63 40
64 41
65 41
66 44
67 46
68 47
69 51
70 53
71 56
72 61
73 63
74 68
75 69
76 69
77 72
78 74
79 76
80 77
81 80
82 81
83 84
84 87
85 92
86 94
87 97
88 100
89 102
90 105
91 107
92 113
93 116
94 121
95 127
96 132
97 136
98 143
99 144
100 145
101 151
102 157
103 162
104 163
105 163
106 171
107 176
108 181
109 187
110 192
111 205
112 218
113 221
114 225
115 232
116 239
117 244
118 251
119 256
120 263
121 269
122 273
123 278
124 290
125 297
126 298
127 306
128 313
129 320
130 328
131 330
132 336
133 341
134 345
135 350
136 358
137 364
138 367
139 380
140 390
141 397
142 404
143 411
144 417
145 425
146 439
147 446
148 451
149 458
150 469
151 480
152 489
153 498
154 506
155 513
156 521
157 531
158 540
159 552
160 563
161 575
162 582
163 588
164 601
165 615
166 634
167 648
168 654
169 671
170 689
171 701
172 709
173 721
174 731
175 755
176 763
177 785
178 794
179 802
180 822
181 839
182 857
183 871
184 881
185 899
186 914
187 934
188 947
189 956
190 975
191 985
192 1001
193 1010
194 1029
195 1041
196 1059
197 1081
198 1098
199 1121
