0 0
1 27
2 60
3 92
4 117
5 143
6 163
7 190
8 213
9 229
10 261
11 292
12 323
13 351
14 377
15 406
16 430
17 459
18 481
19 498
20 523
21 553
22 578
23 599
24 616
25 635
26 670
27 688
28 710
29 741
30 780
31 800
32 829
33 852
34 873
35 904
36 929
37 948
38 973
39 1004
40 1035
41 1067
42 1093
43 1114
44 1139
45 1170
46 1200
47 1226
48 1252
49 1276
50 1293
51 1319
52 1353
53 1380
54 1415
55 1449
56 1489
57 1515
58 1546
59 1586
60 1616
61 1648
62 1679
63 1704
64 1729
65 1745
66 1772
67 1800
68 1825
69 1855
70 1878
71 1906
72 1940
73 1960
74 1991
75 2015
76 2030
77 2054
78 2084
79 2114
80 2135
81 2161
82 2191
83 2212
84 2235
85 2259
86 2284
87 2308
88 2337
89 2365
90 2388
91 2420
92 2458
93 2478
94 2512
95 2540
96 2571
97 2595
98 2619
99 2650
100 2674
101 2702
102 2735
103 2764
104 2784
105 2807
106 2840
107 2865
108 2899
109 2931
110 2958
111 2994
112 3027
113 3052
114 3065
115 3093
116 3118
117 3134
118 3155
119 3181
120 3214
121 3234
122 3259
123 3279
124 3304
125 3325
126 3347
127 3377
128 3405
129 3426
130 3445
131 3470
132 3494
133 3520
134 3542
135 3569
136 3598
137 3618
138 3638
139 3668
140 3698
141 3724
142 3753
143 3777
144 3797
145 3815
146 3841
147 3865
148 3889
149 3908
150 3928
151 3964
152 3992
153 4020
154 4041
155 4063
156 4091
157 4115
158 4144
159 4186
160 4208
161 4236
162 4265
163 4287
164 4313
165 4344
166 4371
167 4398
168 4420
169 4454
170 4484
171 4506
172 4528
173 4550
174 4570
175 4610
176 4638
177 4664
178 4681
179 4704
180 4738
181 4776
182 4806
183 4827
184 4850
185 4880
186 4905
187 4938
188 4959
189 4975
190 5008
191 5034
192 5059
193 5075
194 5103
195 5132
196 5159
197 5181
198 5211
199 5241
