1 0
2 0
3 0
4 0
5 0
6 0
7 0
8 0
9 0
10 0
11 0
12 0
13 1
14 1
15 1
16 1
17 1
18 1
19 1
20 1
21 1
22 1
23 1
24 1
25 1
26 1
27 2
28 2
29 2
30 2
31 2
32 3
33 3
34 4
35 4
36 4
37 4
38 8
39 8
40 11
41 12
42 12
43 13
44 16
45 19
46 21
47 24
48 27
49 29
50 39
51 41
52 44
53 49
54 50
55 56
56 60
57 61
58 65
59 72
60 76
61 80
62 82
63 85
64 90
65 92
66 95
67 99
68 100
69 104
70 112
71 117
72 125
73 131
74 138
75 147
76 149
77 158
78 169
79 181
80 193
81 199
82 210
83 216
84 223
85 235
86 247
87 254
88 266
89 274
90 286
91 298
92 313
93 324
94 330
95 340
96 363
97 382
98 399
99 416
100 431
101 456
102 471
103 488
104 513
105 545
106 559
107 576
108 594
109 614
110 642
111 669
112 692
113 707
114 722
115 744
116 765
117 784
118 797
119 813
120 847
121 889
122 912
123 944
124 961
125 987
126 1010
127 1039
128 1078
129 1112
130 1151
131 1181
132 1215
133 1269
134 1308
135 1348
136 1379
137 1419
138 1457
139 1514
140 1567
141 1608
142 1643
143 1667
144 1708
145 1751
146 1790
147 1825
148 1865
149 1899
150 1942
151 1991
152 2044
153 2097
154 2134
155 2173
156 2205
157 2277
158 2317
159 2369
160 2450
161 2499
162 2534
163 2600
164 2647
165 2715
166 2777
167 2837
168 2914
169 2979
170 3076
171 3145
172 3235
173 3320
174 3383
175 3436
176 3496
177 3571
178 3636
179 3668
180 3704
181 3755
182 3799
183 3837
184 3879
185 3936
186 3981
187 4023
188 4063
189 4115
190 4141
191 4175
192 4215
193 4242
194 4283
195 4323
196 4366
197 4390
198 4428
199 4468
