31
58
90
110
133
154
184
198
233
254
273
291
318
340
365
392
416
434
457
490
521
548
574
604
627
655
677
701
728
749
778
803
830
861
879
909
934
958
980
1009
1039
1070
1095
1119
1150
1179
1215
1245
1267
1299
1326
1347
1377
1399
1431
1453
1473
1496
1525
1554
1589
1611
1645
1677
1705
1732
1760
1777
1800
1829
1852
1883
1910
1939
1966
1993
2012
2041
2069
2097
2123
2152
2179
2203
2230
2262
2281
2313
2340
2374
2405
2427
2453
2469
2493
2526
2563
2592
2619
2646
2676
2696
2722
2749
2787
2805
2833
2861
2884
2916
2943
2969
2992
3016
3041
3073
3092
3111
3136
3168
3201
3230
3255
3272
3295
3317
3353
3379
3415
3445
3466
3497
3529
3552
3576
3599
3629
3660
3695
3722
3750
3780
3802
3829
3856
3882
3908
3938
3961
3987
4014
4039
4069
4084
4105
4130
4161
4187
4216
4250
4270
4289
4315
4340
4370
4399
4423
4448
4473
4510
4536
4572
4607
4630
4651
4679
4709
4737
4758
4779
4808
4831
4860
4885
4913
4937
4965
4989
5021
5038
5064
5089
5108
5139
5165
5200
5220
5250
5280
