1 31
2 58
3 90
4 110
5 133
6 154
7 184
8 198
9 233
10 254
11 273
12 291
13 315
14 332
15 355
16 375
17 391
18 404
19 417
20 439
21 455
22 468
23 472
24 480
25 484
26 492
27 497
28 500
29 506
30 514
31 517
32 521
33 527
34 530
35 532
36 535
37 535
38 538
39 539
40 539
41 542
42 543
43 544
44 546
45 548
46 549
47 550
48 550
49 552
50 553
51 553
52 554
53 554
54 554
55 554
56 554
57 554
58 554
59 554
60 554
61 554
62 554
63 554
64 554
65 554
66 554
67 555
68 556
69 556
70 556
71 556
72 557
73 557
74 558
75 558
76 558
77 558
78 558
79 558
80 558
81 558
82 558
83 558
84 558
85 558
86 558
87 558
88 558
89 558
90 558
91 558
92 558
93 558
94 558
95 558
96 558
97 558
98 558
99 558
100 558
101 558
102 558
103 558
104 558
105 558
106 558
107 558
108 558
109 558
110 558
111 558
112 558
113 558
114 558
115 558
116 558
117 558
118 558
119 558
120 558
121 558
122 558
123 558
124 558
125 558
126 558
127 558
128 558
129 558
130 558
131 558
132 558
133 558
134 558
135 558
136 558
137 558
138 558
139 558
140 558
141 558
142 558
143 558
144 558
145 558
146 558
147 558
148 558
149 558
150 558
151 558
152 558
153 558
154 558
155 558
156 558
157 558
158 558
159 558
160 558
161 558
162 558
163 558
164 558
165 558
166 558
167 558
168 558
169 558
170 558
171 558
172 558
173 558
174 558
175 558
176 558
177 558
178 558
179 558
180 558
181 558
182 558
183 558
184 558
185 558
186 558
187 558
188 558
189 558
190 558
191 558
192 558
193 558
194 558
195 558
196 558
197 558
198 558
199 558
