0 0
1 0
2 0
3 0
4 0
5 0
6 0
7 0
8 0
9 0
10 0
11 0
12 0
13 0
14 1
15 1
16 1
17 1
18 1
19 1
20 1
21 2
22 2
23 3
24 3
25 3
26 3
27 3
28 3
29 5
30 6
31 6
32 7
33 7
34 7
35 7
36 7
37 9
38 9
39 11
40 12
41 14
42 14
43 16
44 18
45 18
46 19
47 19
48 20
49 20
50 20
51 21
52 21
53 23
54 24
55 25
56 25
57 26
58 26
59 26
60 28
61 28
62 28
63 31
64 32
65 32
66 34
67 36
68 37
69 38
70 42
71 44
72 45
73 48
74 51
75 55
76 58
77 61
78 64
79 65
80 66
81 67
82 71
83 73
84 79
85 81
86 88
87 92
88 95
89 98
90 99
91 102
92 103
93 109
94 111
95 114
96 118
97 123
98 127
99 131
100 137
101 142
102 144
103 146
104 149
105 153
106 160
107 165
108 172
109 174
110 177
111 181
112 186
113 189
114 195
115 204
116 210
117 219
118 219
119 225
120 236
121 240
122 246
123 252
124 262
125 267
126 276
127 281
128 288
129 291
130 297
131 302
132 307
133 314
134 325
135 331
136 338
137 347
138 355
139 370
140 381
141 382
142 392
143 399
144 409
145 421
146 430
147 441
148 450
149 464
150 479
151 490
152 499
153 507
154 512
155 529
156 540
157 552
158 569
159 576
160 585
161 589
162 598
163 602
164 612
165 620
166 637
167 646
168 653
169 663
170 676
171 685
172 697
173 718
174 731
175 742
176 754
177 763
178 779
179 793
180 802
181 819
182 836
183 861
184 868
185 879
186 889
187 898
188 912
189 918
190 943
191 966
192 979
193 996
194 1013
195 1019
196 1026
197 1038
198 1057
199 1074
