0 0
1 25
2 54
3 80
4 103
5 130
6 158
7 182
8 201
9 228
10 267
11 289
12 314
13 352
14 378
15 395
16 424
17 452
18 480
19 509
20 532
21 558
22 576
23 611
24 648
25 671
26 697
27 723
28 756
29 786
30 815
31 840
32 862
33 883
34 908
35 926
36 945
37 969
38 992
39 1020
40 1039
41 1069
42 1094
43 1122
44 1152
45 1176
46 1201
47 1234
48 1266
49 1285
50 1306
51 1327
52 1361
53 1388
54 1413
55 1449
56 1474
57 1500
58 1520
59 1545
60 1580
61 1599
62 1630
63 1655
64 1670
65 1693
66 1713
67 1732
68 1756
69 1784
70 1817
71 1848
72 1867
73 1895
74 1927
75 1952
76 1980
77 2010
78 2034
79 2056
80 2080
81 2105
82 2133
83 2160
84 2192
85 2224
86 2251
87 2281
88 2307
89 2336
90 2354
91 2385
92 2410
93 2437
94 2461
95 2486
96 2510
97 2533
98 2550
99 2576
100 2608
101 2642
102 2671
103 2693
104 2717
105 2743
106 2767
107 2801
108 2826
109 2843
110 2866
111 2887
112 2909
113 2936
114 2963
115 2989
116 3020
117 3055
118 3083
119 3113
120 3145
121 3165
122 3189
123 3218
124 3240
125 3263
126 3285
127 3309
128 3338
129 3367
130 3399
131 3417
132 3436
133 3462
134 3488
135 3507
136 3544
137 3564
138 3589
139 3622
140 3652
141 3662
142 3686
143 3712
144 3741
145 3770
146 3795
147 3823
148 3861
149 3892
150 3929
151 3952
152 3981
153 4005
154 4024
155 4058
156 4083
157 4101
158 4140
159 4166
160 4190
161 4206
162 4227
163 4247
164 4279
165 4302
166 4337
167 4358
168 4381
169 4405
170 4432
171 4459
172 4491
173 4533
174 4563
175 4584
176 4605
177 4622
178 4649
179 4681
180 4702
181 4738
182 4774
183 4809
184 4832
185 4856
186 4876
187 4902
188 4926
189 4938
190 4964
191 4996
192 5020
193 5048
194 5078
195 5106
196 5121
197 5136
198 5169
199 5188
