0 0
1 0
2 0
3 0
4 0
5 0
6 0
7 0
8 0
9 0
10 0
11 0
12 0
13 0
14 1
15 1
16 1
17 1
18 1
19 1
20 1
21 2
22 2
23 3
24 3
25 3
26 3
27 3
28 3
29 5
30 6
31 6
32 7
33 7
34 7
35 7
36 7
37 9
38 9
39 11
40 12
41 14
42 14
43 16
44 18
45 18
46 19
47 19
48 20
49 20
50 20
51 21
52 21
53 23
54 24
55 25
56 25
57 26
58 26
59 26
60 28
61 28
62 28
63 31
64 32
65 32
66 34
67 36
68 37
69 38
70 42
71 44
72 45
73 48
74 51
75 55
76 58
77 61
78 64
79 65
80 66
81 67
82 71
83 73
84 79
85 81
86 88
87 92
88 95
89 98
90 99
91 102
92 103
93 109
94 111
95 114
96 118
97 123
98 127
99 131
100 137
101 142
102 144
103 146
104 149
105 153
106 160
107 165
108 172
109 174
110 177
111 181
112 186
113 189
114 195
115 204
116 210
117 219
118 219
119 225
120 236
121 240
122 246
123 252
124 262
125 267
126 276
127 281
128 288
129 291
130 297
131 302
132 307
133 314
134 325
135 331
136 338
137 347
138 355
139 370
140 381
141 382
142 392
143 399
144 409
145 421
146 430
147 441
148 450
149 464
150 479
151 490
152 499
153 508
154 513
155 530
156 541
157 553
158 570
159 577
160 586
161 590
162 599
163 603
164 614
165 622
166 639
167 649
168 656
169 666
170 679
171 688
172 700
173 721
174 734
175 745
176 757
177 767
178 783
179 797
180 806
181 823
182 840
183 865
184 872
185 883
186 894
187 903
188 917
189 923
190 948
191 972
192 985
193 1002
194 1019
195 1025
196 1032
197 1044
198 1063
199 1081
