0 0
1 0
2 0
3 0
4 0
5 0
6 0
7 0
8 0
9 2
10 2
11 2
12 2
13 3
14 3
15 5
16 5
17 5
18 7
19 10
20 18
21 20
22 25
23 26
24 30
25 33
26 36
27 39
28 41
29 48
30 54
31 60
32 67
33 75
34 85
35 89
36 92
37 102
38 116
39 127
40 132
41 145
42 155
43 162
44 171
45 183
46 192
47 204
48 218
49 239
50 250
51 262
52 273
53 290
54 304
55 317
56 340
57 362
58 376
59 394
60 407
61 433
62 452
63 472
64 483
65 502
66 518
67 541
68 568
69 604
70 623
71 654
72 696
73 724
74 764
75 801
76 840
77 874
78 907
79 940
80 973
81 1013
82 1055
83 1095
84 1137
85 1183
86 1220
87 1258
88 1300
89 1366
90 1415
91 1450
92 1508
93 1562
94 1602
95 1657
96 1713
97 1773
98 1829
99 1864
100 1915
101 2000
102 2069
103 2130
104 2193
105 2258
106 2311
107 2358
108 2424
109 2485
110 2537
111 2604
112 2670
113 2746
114 2831
115 2896
116 2987
117 3065
118 3158
119 3241
120 3331
121 3431
122 3500
123 3569
124 3664
125 3759
126 3860
127 3931
128 4022
129 4102
130 4194
131 4303
132 4386
133 4497
134 4616
135 4730
136 4811
137 4924
138 5080
139 5175
140 5263
141 5395
142 5504
143 5615
144 5753
145 5871
146 5963
147 6079
148 6172
149 6312
150 6384
151 6489
152 6615
153 6732
154 6854
155 6976
156 7090
157 7205
158 7328
159 7460
160 7611
161 7760
162 7874
163 8015
164 8145
165 8282
166 8453
167 8595
168 8699
169 8900
170 9029
171 9145
172 9246
173 9341
174 9421
175 9510
176 9593
177 9701
178 9808
179 9922
180 10003
181 10138
182 10210
183 10302
184 10401
185 10476
186 10585
187 10654
188 10733
189 10829
190 10919
191 11000
192 11076
193 11162
194 11244
195 11333
196 11399
197 11489
198 11581
199 11675
