0 0
1 0
2 0
3 0
4 0
5 0
6 0
7 0
8 0
9 2
10 2
11 2
12 2
13 3
14 3
15 5
16 5
17 5
18 7
19 10
20 18
21 20
22 25
23 26
24 30
25 33
26 36
27 39
28 41
29 48
30 54
31 60
32 67
33 75
34 85
35 89
36 92
37 102
38 116
39 127
40 132
41 145
42 155
43 162
44 171
45 183
46 192
47 204
48 218
49 239
50 250
51 262
52 273
53 290
54 304
55 317
56 340
57 363
58 378
59 396
60 409
61 435
62 454
63 474
64 486
65 505
66 521
67 544
68 571
69 607
70 626
71 657
72 700
73 728
74 769
75 807
76 846
77 880
78 913
79 946
80 979
81 1021
82 1064
83 1105
84 1147
85 1193
86 1231
87 1269
88 1311
89 1377
90 1427
91 1462
92 1520
93 1574
94 1614
95 1670
96 1728
97 1788
98 1846
99 1881
100 1933
101 2021
102 2092
103 2156
104 2220
105 2285
106 2338
107 2388
108 2456
109 2519
110 2573
111 2640
112 2707
113 2787
114 2874
115 2947
116 3040
117 3119
118 3216
119 3302
120 3395
121 3500
122 3570
123 3646
124 3741
125 3841
126 3948
127 4021
128 4117
129 4197
130 4293
131 4405
132 4493
133 4609
134 4735
135 4854
136 4939
137 5057
138 5225
139 5326
140 5423
141 5559
142 5680
143 5795
144 5941
145 6064
146 6160
147 6283
148 6380
149 6529
150 6608
151 6719
152 6856
153 6980
154 7115
155 7247
156 7372
157 7494
158 7632
159 7776
160 7936
161 8099
162 8228
163 8376
164 8515
165 8674
166 8860
167 9019
168 9127
169 9343
170 9502
171 9680
172 9826
173 9976
174 10119
175 10270
176 10407
177 10604
178 10786
179 11005
180 11191
181 11460
182 11605
183 11783
184 11971
185 12137
186 12387
187 12571
188 12778
189 12970
190 13217
191 13426
192 13619
193 13832
194 14043
195 14320
196 14522
197 14771
198 15024
199 15307
