0 0
1 53
2 110
3 173
4 229
5 283
6 361
7 419
8 483
9 552
10 630
11 689
12 759
13 846
14 910
15 975
16 1042
17 1109
18 1180
19 1239
20 1313
21 1384
22 1438
23 1502
24 1566
25 1625
26 1699
27 1751
28 1817
29 1901
30 1972
31 2038
32 2098
33 2164
34 2226
35 2291
36 2352
37 2428
38 2476
39 2541
40 2593
41 2652
42 2717
43 2775
44 2838
45 2904
46 2971
47 3026
48 3100
49 3173
50 3227
51 3283
52 3337
53 3410
54 3459
55 3528
56 3600
57 3665
58 3725
59 3777
60 3842
61 3904
62 3949
63 4012
64 4063
65 4119
66 4178
67 4241
68 4295
69 4364
70 4433
71 4508
72 4578
73 4621
74 4697
75 4770
76 4850
77 4915
78 4975
79 5035
80 5091
81 5164
82 5232
83 5296
84 5363
85 5431
86 5485
87 5540
88 5600
89 5665
90 5733
91 5792
92 5857
93 5924
94 5987
95 6045
96 6121
97 6187
98 6247
99 6295
100 6350
101 6425
102 6491
103 6555
104 6617
105 6679
106 6735
107 6790
108 6861
109 6920
110 6975
111 7031
112 7092
113 7158
114 7228
115 7279
116 7345
117 7412
118 7480
119 7553
120 7627
121 7698
122 7753
123 7810
124 7874
125 7948
126 8004
127 8055
128 8116
129 8174
130 8238
131 8301
132 8358
133 8431
134 8493
135 8567
136 8624
137 8698
138 8789
139 8853
140 8909
141 8987
142 9041
143 9103
144 9182
145 9248
146 9298
147 9358
148 9413
149 9482
150 9527
151 9582
152 9646
153 9714
154 9770
155 9825
156 9877
157 9935
158 9996
159 10062
160 10128
161 10203
162 10260
163 10325
164 10383
165 10442
166 10519
167 10582
168 10626
169 10700
170 10757
171 10821
172 10880
173 10936
174 10985
175 11039
176 11096
177 11169
178 11235
179 11307
180 11368
181 11458
182 11510
183 11570
184 11635
185 11693
186 11772
187 11829
188 11891
189 11957
190 12024
191 12087
192 12147
193 12211
194 12278
195 12355
196 12407
197 12481
198 12548
199 12623
