0 0
1 0
2 0
3 0
4 0
5 0
6 0
7 0
8 0
9 0
10 0
11 0
12 0
13 0
14 0
15 0
16 0
17 0
18 0
19 0
20 0
21 0
22 0
23 0
24 0
25 0
26 0
27 0
28 0
29 0
30 0
31 0
32 0
33 0
34 0
35 0
36 0
37 0
38 0
39 0
40 0
41 0
42 0
43 0
44 0
45 0
46 0
47 0
48 0
49 0
50 0
51 0
52 0
53 0
54 0
55 0
56 0
57 1
58 2
59 2
60 2
61 2
62 2
63 2
64 3
65 3
66 3
67 3
68 3
69 3
70 3
71 3
72 4
73 4
74 5
75 6
76 6
77 6
78 6
79 6
80 6
81 8
82 9
83 10
84 10
85 10
86 11
87 11
88 11
89 11
90 12
91 12
92 12
93 12
94 12
95 13
96 15
97 15
98 17
99 17
100 18
101 21
102 23
103 26
104 27
105 27
106 27
107 30
108 32
109 34
110 36
111 36
112 37
113 41
114 43
115 51
116 53
117 54
118 58
119 61
120 64
121 69
122 70
123 77
124 77
125 82
126 88
127 90
128 94
129 94
130 98
131 101
132 106
133 111
134 118
135 123
136 127
137 132
138 144
139 150
140 159
141 163
142 175
143 179
144 187
145 192
146 196
147 203
148 207
149 216
150 223
151 229
152 240
153 247
154 260
155 270
156 281
157 288
158 303
159 314
160 322
161 336
162 350
163 357
164 366
165 387
166 401
167 418
168 422
169 433
170 444
171 457
172 473
173 488
174 496
175 516
176 526
177 543
178 559
179 585
180 604
181 630
182 644
183 664
184 674
185 695
186 727
187 752
188 780
189 807
190 846
191 874
192 900
193 916
194 938
195 989
196 1022
197 1055
198 1098
199 1136
