0 0
1 36
2 248
3 617
4 934
5 1257
6 1538
7 1725
8 1931
9 2097
10 2240
11 2338
12 2429
13 2529
14 2663
15 2725
16 2795
17 2863
18 2923
19 2966
20 3021
21 3058
22 3094
23 3129
24 3181
25 3216
26 3233
27 3254
28 3269
29 3284
30 3330
31 3341
32 3356
33 3383
34 3392
35 3396
36 3408
37 3415
38 3426
39 3438
40 3446
41 3453
42 3463
43 3472
44 3486
45 3492
46 3498
47 3505
48 3514
49 3516
50 3521
51 3527
52 3530
53 3535
54 3537
55 3542
56 3544
57 3550
58 3552
59 3554
60 3556
61 3558
62 3562
63 3567
64 3567
65 3568
66 3568
67 3575
68 3577
69 3578
70 3582
71 3592
72 3599
73 3603
74 3603
75 3605
76 3605
77 3605
78 3606
79 3608
80 3609
81 3613
82 3615
83 3615
84 3616
85 3616
86 3618
87 3618
88 3621
89 3621
90 3623
91 3625
92 3625
93 3625
94 3626
95 3626
96 3626
97 3626
98 3627
99 3628
100 3628
101 3628
102 3628
103 3628
104 3628
105 3628
106 3628
107 3629
108 3629
109 3629
110 3629
111 3629
112 3629
113 3631
114 3631
115 3631
116 3631
117 3632
118 3632
119 3632
120 3632
121 3634
122 3635
123 3635
124 3635
125 3635
126 3635
127 3635
128 3635
129 3635
130 3635
131 3635
132 3635
133 3635
134 3637
135 3637
136 3637
137 3637
138 3637
139 3637
140 3637
141 3637
142 3642
143 3642
144 3642
145 3642
146 3642
147 3642
148 3642
149 3642
150 3642
151 3642
152 3644
153 3644
154 3644
155 3644
156 3644
157 3646
158 3646
159 3646
160 3647
161 3647
162 3647
163 3647
164 3647
165 3647
166 3647
167 3647
168 3647
169 3647
170 3647
171 3648
172 3648
173 3648
174 3648
175 3648
176 3648
177 3648
178 3648
179 3648
180 3648
181 3648
182 3648
183 3648
184 3648
185 3648
186 3648
187 3648
188 3648
189 3648
190 3648
191 3648
192 3648
193 3648
194 3649
