0 0
1 0
2 7
3 71
4 143
5 215
6 319
7 422
8 582
9 739
10 898
11 1013
12 1189
13 1381
14 1609
15 1744
16 1895
17 2169
18 2326
19 2538
20 2715
21 2915
22 3052
23 3174
24 3324
25 3430
26 3523
27 3603
28 3664
29 3759
30 3871
31 3927
32 4006
33 4075
34 4123
35 4164
36 4193
37 4240
38 4327
39 4395
40 4455
41 4513
42 4530
43 4589
44 4669
45 4694
46 4730
47 4778
48 4826
49 4835
50 4847
51 4876
52 4922
53 4954
54 4968
55 5040
56 5051
57 5101
58 5118
59 5118
60 5134
61 5145
62 5179
63 5185
64 5185
65 5200
66 5200
67 5208
68 5223
69 5229
70 5230
71 5248
72 5263
73 5263
74 5263
75 5264
76 5264
77 5264
78 5282
79 5286
80 5316
81 5326
82 5354
83 5354
84 5367
85 5367
86 5410
87 5410
88 5413
89 5413
90 5439
91 5465
92 5465
93 5465
94 5488
95 5488
96 5488
97 5488
98 5504
99 5522
100 5522
101 5522
102 5522
103 5522
104 5522
105 5522
106 5522
107 5526
108 5526
109 5526
110 5526
111 5526
112 5526
113 5545
114 5545
115 5545
116 5545
117 5546
118 5546
119 5546
120 5546
121 5554
122 5561
123 5561
124 5561
125 5561
126 5561
127 5561
128 5561
129 5561
130 5561
131 5561
132 5561
133 5561
134 5601
135 5601
136 5601
137 5601
138 5601
139 5601
140 5601
141 5601
142 5605
143 5605
144 5605
145 5605
146 5605
147 5605
148 5605
149 5605
150 5605
151 5605
152 5610
153 5610
154 5610
155 5610
156 5610
157 5613
158 5613
159 5613
160 5629
161 5629
162 5629
163 5629
164 5629
165 5629
166 5629
167 5629
168 5629
169 5629
170 5629
171 5638
172 5638
173 5638
174 5638
175 5638
176 5638
177 5638
178 5638
179 5638
180 5638
181 5638
182 5638
183 5638
184 5638
185 5638
186 5638
187 5638
188 5638
189 5638
190 5638
191 5638
192 5638
193 5638
194 5664
