0 0
1 992
2 1815
3 2417
4 2829
5 3142
6 3398
7 3551
8 3744
9 3886
10 4046
11 4143
12 4229
13 4315
14 4400
15 4478
16 4532
17 4592
18 4644
19 4682
20 4732
21 4764
22 4796
23 4825
24 4861
25 4886
26 4903
27 4922
28 4936
29 4950
30 4973
31 4986
32 5000
33 5018
34 5029
35 5033
36 5044
37 5051
38 5062
39 5073
40 5081
41 5087
42 5093
43 5100
44 5111
45 5117
46 5122
47 5128
48 5134
49 5136
50 5140
51 5145
52 5148
53 5152
54 5154
55 5159
56 5161
57 5166
58 5168
59 5170
60 5172
61 5174
62 5178
63 5183
64 5183
65 5184
66 5184
67 5189
68 5190
69 5191
70 5194
71 5201
72 5206
73 5207
74 5207
75 5209
76 5209
77 5209
78 5210
79 5211
80 5213
81 5216
82 5218
83 5218
84 5219
85 5219
86 5221
87 5221
88 5223
89 5223
90 5225
91 5227
92 5227
93 5227
94 5228
95 5228
96 5228
97 5228
98 5229
99 5230
100 5230
101 5230
102 5230
103 5230
104 5230
105 5230
106 5230
107 5231
108 5231
109 5231
110 5231
111 5231
112 5231
113 5233
114 5233
115 5233
116 5233
117 5234
118 5234
119 5234
120 5234
121 5236
122 5237
123 5237
124 5237
125 5237
126 5237
127 5237
128 5237
129 5237
130 5237
131 5237
132 5237
133 5237
134 5239
135 5239
136 5239
137 5239
138 5239
139 5239
140 5239
141 5239
142 5241
143 5241
144 5241
145 5241
146 5241
147 5241
148 5241
149 5241
150 5241
151 5241
152 5242
153 5242
154 5242
155 5242
156 5242
157 5243
158 5243
159 5243
160 5244
161 5244
162 5244
163 5244
164 5244
165 5244
166 5244
167 5244
168 5244
169 5244
170 5244
171 5245
172 5245
173 5245
174 5245
175 5245
176 5245
177 5245
178 5245
179 5245
180 5245
181 5245
182 5245
183 5245
184 5245
185 5245
186 5245
187 5245
188 5245
189 5245
190 5245
191 5245
192 5245
193 5245
194 5246
