0 0
1 0
2 7
3 78
4 161
5 240
6 361
7 471
8 662
9 845
10 1025
11 1155
12 1369
13 1602
14 1929
15 2127
16 2326
17 2727
18 3013
19 3423
20 3725
21 4082
22 4348
23 4595
24 4846
25 5039
26 5237
27 5407
28 5528
29 5721
30 5899
31 6004
32 6174
33 6312
34 6441
35 6516
36 6563
37 6697
38 6912
39 7080
40 7278
41 7434
42 7457
43 7589
44 7798
45 7847
46 7946
47 8051
48 8206
49 8218
50 8237
51 8295
52 8424
53 8505
54 8530
55 8757
56 8801
57 8934
58 8973
59 8973
60 9012
61 9046
62 9135
63 9152
64 9152
65 9215
66 9215
67 9236
68 9278
69 9290
70 9291
71 9338
72 9366
73 9366
74 9366
75 9367
76 9367
77 9367
78 9412
79 9416
80 9563
81 9574
82 9640
83 9640
84 9679
85 9679
86 9881
87 9881
88 9884
89 9884
90 9958
91 10061
92 10061
93 10061
94 10163
95 10163
96 10163
97 10163
98 10222
99 10297
100 10297
101 10297
102 10297
103 10297
104 10297
105 10297
106 10297
107 10303
108 10303
109 10303
110 10303
111 10303
112 10303
113 10376
114 10376
115 10376
116 10376
117 10377
118 10377
119 10377
120 10377
121 10390
122 10410
123 10410
124 10410
125 10410
126 10410
127 10410
128 10410
129 10410
130 10410
131 10410
132 10410
133 10410
134 10589
135 10589
136 10589
137 10589
138 10589
139 10589
140 10589
141 10589
142 10593
143 10593
144 10593
145 10593
146 10593
147 10593
148 10593
149 10593
150 10593
151 10593
152 10600
153 10600
154 10600
155 10600
156 10600
157 10603
158 10603
159 10603
160 10669
161 10669
162 10669
163 10669
164 10669
165 10669
166 10669
167 10669
168 10669
169 10669
170 10669
171 10681
172 10681
173 10681
174 10681
175 10681
176 10681
177 10681
178 10681
179 10681
180 10681
181 10681
182 10681
183 10681
184 10681
185 10681
186 10681
187 10681
188 10681
189 10681
190 10681
191 10681
192 10681
193 10681
194 10809
