0 0
1 36
2 256
3 693
4 1083
5 1483
6 1895
7 2208
8 2618
9 2979
10 3316
11 3548
12 3836
13 4138
14 4508
15 4707
16 4927
17 5257
18 5476
19 5723
20 5954
21 6174
22 6340
23 6490
24 6682
25 6818
26 6918
27 7018
28 7097
29 7204
30 7361
31 7422
32 7519
33 7619
34 7675
35 7716
36 7759
37 7812
38 7904
39 7980
40 8045
41 8106
42 8138
43 8198
44 8290
45 8320
46 8362
47 8420
48 8477
49 8487
50 8506
51 8541
52 8587
53 8624
54 8639
55 8712
56 8725
57 8778
58 8797
59 8799
60 8817
61 8830
62 8867
63 8878
64 8878
65 8894
66 8894
67 8910
68 8926
69 8933
70 8943
71 8972
72 8996
73 9001
74 9001
75 9004
76 9004
77 9004
78 9021
79 9027
80 9055
81 9071
82 9098
83 9098
84 9112
85 9112
86 9157
87 9157
88 9163
89 9163
90 9190
91 9218
92 9218
93 9218
94 9241
95 9241
96 9241
97 9241
98 9258
99 9277
100 9277
101 9277
102 9277
103 9277
104 9277
105 9277
106 9277
107 9282
108 9282
109 9282
110 9282
111 9282
112 9282
113 9304
114 9304
115 9304
116 9304
117 9307
118 9307
119 9307
120 9307
121 9317
122 9325
123 9325
124 9325
125 9325
126 9325
127 9325
128 9325
129 9325
130 9325
131 9325
132 9325
133 9325
134 9366
135 9366
136 9366
137 9366
138 9366
139 9366
140 9366
141 9366
142 9375
143 9375
144 9375
145 9375
146 9375
147 9375
148 9375
149 9375
150 9375
151 9375
152 9382
153 9382
154 9382
155 9382
156 9382
157 9388
158 9388
159 9388
160 9405
161 9405
162 9405
163 9405
164 9405
165 9405
166 9405
167 9405
168 9405
169 9405
170 9405
171 9414
172 9414
173 9414
174 9414
175 9414
176 9414
177 9414
178 9414
179 9414
180 9414
181 9414
182 9414
183 9414
184 9414
185 9414
186 9414
187 9414
188 9414
189 9414
190 9414
191 9414
192 9414
193 9414
194 9439
