992
1815
2417
2829
3142
3398
3551
3744
3886
4046
4143
4229
4315
4400
4478
4532
4592
4644
4682
4732
4764
4796
4825
4861
4886
4903
4922
4936
4950
4973
4986
5000
5018
5029
5033
5044
5051
5062
5073
5081
5087
5093
5100
5111
5117
5122
5128
5134
5136
5140
5145
5148
5152
5154
5159
5161
5166
5168
5170
5172
5174
5178
5183
5183
5184
5184
5189
5190
5191
5194
5201
5206
5207
5207
5209
5209
5209
5210
5211
5213
5216
5218
5218
5219
5219
5221
5221
5223
5223
5225
5227
5227
5227
5228
5228
5228
5228
5229
5230
5230
5230
5230
5230
5230
5230
5230
5231
5231
5231
5231
5231
5231
5233
5233
5233
5233
5234
5234
5234
5234
5236
5237
5237
5237
5237
5237
5237
5237
5237
5237
5237
5237
5237
5239
5239
5239
5239
5239
5239
5239
5239
5241
5241
5241
5241
5241
5241
5241
5241
5241
5241
5242
5242
5242
5242
5242
5243
5243
5243
5244
5244
5244
5244
5244
5244
5244
5244
5244
5244
5244
5245
5245
5245
5245
5245
5245
5245
5245
5245
5245
5245
5245
5245
5245
5245
5245
5245
5245
5245
5245
5245
5245
5245
5246
