1 217
2 996
3 1642
4 2065
5 2415
6 2681
7 2847
8 3070
9 3220
10 3403
11 3506
12 3598
13 3691
14 3787
15 3863
16 3917
17 3979
18 4032
19 4071
20 4124
21 4156
22 4188
23 4217
24 4253
25 4279
26 4296
27 4314
28 4329
29 4343
30 4364
31 4376
32 4390
33 4408
34 4419
35 4423
36 4434
37 4441
38 4452
39 4463
40 4471
41 4477
42 4483
43 4490
44 4501
45 4508
46 4513
47 4520
48 4526
49 4528
50 4532
51 4538
52 4541
53 4545
54 4547
55 4552
56 4554
57 4559
58 4561
59 4563
60 4565
61 4567
62 4571
63 4576
64 4576
65 4577
66 4577
67 4582
68 4583
69 4584
70 4587
71 4594
72 4599
73 4600
74 4600
75 4603
76 4603
77 4603
78 4604
79 4605
80 4607
81 4610
82 4612
83 4612
84 4613
85 4613
86 4615
87 4615
88 4617
89 4617
90 4619
91 4621
92 4621
93 4621
94 4622
95 4622
96 4622
97 4622
98 4623
99 4624
100 4624
101 4624
102 4624
103 4624
104 4624
105 4624
106 4624
107 4625
108 4625
109 4625
110 4625
111 4625
112 4625
113 4627
114 4627
115 4627
116 4627
117 4628
118 4628
119 4628
120 4628
121 4630
122 4631
123 4631
124 4631
125 4631
126 4631
127 4631
128 4631
129 4631
130 4631
131 4631
132 4631
133 4631
134 4633
135 4633
136 4633
137 4633
138 4633
139 4633
140 4633
141 4633
142 4635
143 4635
144 4635
145 4635
146 4635
147 4635
148 4635
149 4635
150 4635
151 4635
152 4636
153 4636
154 4636
155 4636
156 4636
157 4637
158 4637
159 4637
160 4638
161 4638
162 4638
163 4638
164 4638
165 4638
166 4638
167 4638
168 4638
169 4638
170 4638
171 4639
172 4639
173 4639
174 4639
175 4639
176 4639
177 4639
178 4639
179 4639
180 4639
181 4639
182 4639
183 4639
184 4639
185 4639
186 4639
187 4639
188 4639
189 4639
190 4639
191 4639
192 4639
193 4639
194 4640
